                Symbol Series  Prev Close    Open    High     Low    Last   Close    VWAP   Volume      Turnover  Trades  Deliverable Volume  %Deliverble
Date                                                                                                                                                     
2015-01-01  PHOENIXLTD     EQ      373.55  374.95  375.00  364.00  366.00  366.40  368.66     2159  7.959413e+10     202                 931       0.4312
2015-01-02  PHOENIXLTD     EQ      366.40  369.00  369.00  360.00  361.50  360.50  363.29    31509  1.144676e+12     919               26848       0.8521
2015-01-05  PHOENIXLTD     EQ      360.50  362.95  372.00  357.00  368.95  365.20  362.60    41213  1.494385e+12    2141               34975       0.8486
2015-01-06  PHOENIXLTD     EQ      365.20  363.65  370.00  362.00  368.10  367.55  367.55    71817  2.639648e+12     929               67484       0.9397
2015-01-07  PHOENIXLTD     EQ      367.55  368.95  375.00  365.00  368.05  366.25  367.05   236161  8.668226e+12     317              233611       0.9892
2015-01-08  PHOENIXLTD     EQ      366.25  371.60  372.90  358.25  364.40  363.35  367.02   165825  6.086127e+12     987              161030       0.9711
2015-01-09  PHOENIXLTD     EQ      363.35  365.00  368.00  360.40  361.10  361.75  362.03   502590  1.819512e+13     967              497255       0.9894
2015-01-12  PHOENIXLTD     EQ      361.75  354.00  364.95  354.00  357.00  358.25  357.13    38364  1.370111e+12    2060               32634       0.8506
2015-01-13  PHOENIXLTD     EQ      358.25  349.00  363.80  349.00  361.90  359.80  359.35    31181  1.120476e+12    1997               24535       0.7869
2015-01-14  PHOENIXLTD     EQ      359.80  359.95  362.00  359.00  359.00  360.15  360.43     6169  2.223490e+11     683                5788       0.9382
2015-01-15  PHOENIXLTD     EQ      360.15  364.00  369.00  352.40  365.00  365.25  361.98   361590  1.308896e+13    3196              353086       0.9765
2015-01-16  PHOENIXLTD     EQ      365.25  364.85  369.85  364.00  366.00  365.20  366.98   286641  1.051919e+13     653              282637       0.9860
2015-01-19  PHOENIXLTD     EQ      365.20  365.15  369.00  361.50  364.95  364.45  365.77   137293  5.021724e+12     542              105639       0.7694
2015-01-20  PHOENIXLTD     EQ      364.45  366.00  374.00  363.20  372.45  370.55  366.55   257566  9.441139e+12    1210              255101       0.9904
2015-01-21  PHOENIXLTD     EQ      370.55  372.70  384.00  368.40  378.00  379.25  375.80    93903  3.528870e+12    2703               78301       0.8338
2015-01-22  PHOENIXLTD     EQ      379.25  379.85  380.00  377.00  379.00  378.85  378.63    42077  1.593144e+12     628               39591       0.9409
2015-01-23  PHOENIXLTD     EQ      378.85  380.95  385.05  376.95  380.00  380.80  378.84   518273  1.963450e+13    2254              503203       0.9709
2015-01-27  PHOENIXLTD     EQ      380.80  379.85  384.00  371.90  383.00  382.00  381.74   113310  4.325488e+12    2596               82642       0.7293
2015-01-28  PHOENIXLTD     EQ      382.00  379.95  399.00  379.95  396.05  396.10  393.81   108879  4.287804e+12    7125               88013       0.8084
2015-01-29  PHOENIXLTD     EQ      396.10  399.85  400.90  393.25  398.90  398.95  398.94    53161  2.120812e+12    2607               45267       0.8515
2015-01-30  PHOENIXLTD     EQ      398.95  398.90  408.00  398.90  404.00  406.20  405.89   200925  8.155332e+12    2813              188915       0.9402
2015-02-02  PHOENIXLTD     EQ      406.20  401.00  408.00  398.25  408.00  400.70  401.19     9036  3.625132e+11     510                5596       0.6193
2015-02-03  PHOENIXLTD     EQ      400.70  400.25  400.25  391.05  394.60  394.50  395.28    17848  7.054891e+11    1058               13399       0.7507
2015-02-04  PHOENIXLTD     EQ      394.50  397.85  400.00  387.50  394.95  394.20  394.96    18165  7.174492e+11     607               13098       0.7211
2015-02-05  PHOENIXLTD     EQ      394.20  393.00  398.90  392.50  398.75  395.70  395.33     6896  2.726171e+11     518                3706       0.5374
2015-02-06  PHOENIXLTD     EQ      395.70  385.00  397.00  385.00  397.00  393.80  393.26    12756  5.016385e+11     490               10140       0.7949
2015-02-09  PHOENIXLTD     EQ      393.80  380.00  386.05  376.00  381.95  380.45  380.10    52649  2.001196e+12    3072               38646       0.7340
2015-02-10  PHOENIXLTD     EQ      380.45  378.25  382.00  377.00  378.00  379.40  379.96   218982  8.320334e+12    1096              209192       0.9553
2015-02-11  PHOENIXLTD     EQ      379.40  379.75  380.65  369.65  372.00  371.85  371.19    56746  2.106353e+12    3232               42178       0.7433
2015-02-12  PHOENIXLTD     EQ      371.85  374.95  383.00  374.10  380.00  380.05  377.18    19624  7.401845e+11     682               17094       0.8711
2015-02-13  PHOENIXLTD     EQ      380.05  379.95  382.00  378.45  380.00  379.75  380.08    10375  3.943377e+11    1270                8447       0.8142
2015-02-16  PHOENIXLTD     EQ      379.75  391.40  399.55  381.05  394.00  394.90  390.99   112844  4.412035e+12    4200              106295       0.9420
2015-02-18  PHOENIXLTD     EQ      394.90  399.05  404.40  395.00  398.50  399.95  399.82    66420  2.655600e+12    1584               59258       0.8922
2015-02-19  PHOENIXLTD     EQ      399.95  405.00  405.00  392.50  399.40  399.85  399.97    38961  1.558330e+12    1604               35318       0.9065
2015-02-20  PHOENIXLTD     EQ      399.85  399.20  400.05  387.00  388.20  394.85  398.79    51768  2.064466e+12    2847               46976       0.9074
2015-02-23  PHOENIXLTD     EQ      394.85  392.75  397.00  389.05  393.00  392.00  393.56    64462  2.536988e+12    1132               60929       0.9452
2015-02-24  PHOENIXLTD     EQ      392.00  394.55  395.00  388.00  392.00  391.95  392.21   202456  7.940507e+12    2714              198814       0.9820
2015-02-25  PHOENIXLTD     EQ      391.95  394.00  394.00  382.95  388.00  388.35  388.63    70451  2.737933e+12     284               65849       0.9347
2015-02-26  PHOENIXLTD     EQ      388.35  388.05  392.00  380.00  389.00  383.35  383.38     3538  1.356402e+11     158                2183       0.6170
2015-02-27  PHOENIXLTD     EQ      383.35  385.00  394.00  383.70  393.00  390.95  387.59    17631  6.833530e+11     634               15340       0.8701
2015-02-28  PHOENIXLTD     EQ      390.95  390.05  398.00  384.15  385.00  387.60  396.00    39978  1.583142e+12     359               36385       0.9101
2015-03-02  PHOENIXLTD     EQ      387.60  389.60  392.45  385.00  388.50  387.90  388.89    10318  4.012521e+11     270                8890       0.8616
2015-03-03  PHOENIXLTD     EQ      387.90  387.10  387.10  381.50  384.00  383.80  384.72    59839  2.302126e+12    2389               50031       0.8361
2015-03-04  PHOENIXLTD     EQ      383.80  387.95  393.00  386.75  390.90  390.00  390.14   890661  3.474813e+13    8331              880390       0.9885
2015-03-05  PHOENIXLTD     EQ      390.00  391.55  404.80  382.05  387.00  384.10  397.15   239417  9.508537e+12     789              232883       0.9727
2015-03-09  PHOENIXLTD     EQ      384.10  382.00  382.00  368.00  372.10  375.30  379.01   828444  3.139911e+13    3968              815231       0.9841
2015-03-10  PHOENIXLTD     EQ      375.30  374.45  378.05  367.55  368.00  368.45  368.19   227648  8.381741e+12    1991              219512       0.9643
2015-03-11  PHOENIXLTD     EQ      368.45  368.50  373.00  361.40  368.50  368.25  366.44     6726  2.464663e+11     612                4661       0.6930
2015-03-12  PHOENIXLTD     EQ      368.25  366.70  369.20  362.00  362.00  367.15  367.22    19936  7.320956e+11    3262               15492       0.7771
2015-03-13  PHOENIXLTD     EQ      367.15  365.00  365.25  358.00  359.95  361.25  361.86    24704  8.939334e+11    2944               20152       0.8157
2015-03-16  PHOENIXLTD     EQ      361.25  361.00  366.40  354.05  366.40  363.55  360.56    28094  1.012966e+12    3652               23123       0.8231
2015-03-17  PHOENIXLTD     EQ      363.55  362.00  365.45  355.00  362.00  360.95  362.85   266279  9.661935e+12    4995              259728       0.9754
2015-03-18  PHOENIXLTD     EQ      360.95  363.00  369.20  359.10  366.45  366.50  361.96     6047  2.188799e+11     265                4243       0.7017
2015-03-19  PHOENIXLTD     EQ      366.50  365.20  389.40  361.15  373.00  369.60  373.02    13299  4.960811e+11     628                7318       0.5503
2015-03-20  PHOENIXLTD     EQ      369.60  371.00  384.70  363.00  363.00  369.75  370.17   103926  3.847030e+12    1695              100031       0.9625
2015-03-23  PHOENIXLTD     EQ      369.75  368.00  368.05  355.10  358.50  358.00  364.06    24441  8.897984e+11    1294               19926       0.8153
2015-03-24  PHOENIXLTD     EQ      358.00  360.00  360.00  344.70  349.50  349.95  355.18    22013  7.818618e+11     909               19053       0.8655
2015-03-25  PHOENIXLTD     EQ      349.95  351.00  361.95  341.25  352.00  353.55  354.08    14861  5.262006e+11    1270               12508       0.8417
2015-03-26  PHOENIXLTD     EQ      353.55  352.00  361.20  349.00  352.00  353.55  354.12     8720  3.087960e+11     743                5722       0.6562
2015-03-27  PHOENIXLTD     EQ      353.55  354.65  357.20  348.75  352.25  354.75  354.58   147635  5.234865e+12    2899              128259       0.8688
2015-03-30  PHOENIXLTD     EQ      354.75  355.00  357.50  352.05  357.50  354.00  354.08    16042  5.680191e+11    2130               13262       0.8267
2015-03-31  PHOENIXLTD     EQ      354.00  355.00  359.00  348.00  352.25  356.95  355.45   173427  6.164481e+12    2777              170589       0.9836
2015-04-01  PHOENIXLTD     EQ      356.95  355.15  360.00  352.05  360.00  355.25  355.05    63945  2.270395e+12     504               59813       0.9354
2015-04-06  PHOENIXLTD     EQ      355.25  366.00  374.80  365.05  373.00  372.45  370.29    15150  5.609950e+11     912                5832       0.3850
2015-04-07  PHOENIXLTD     EQ      372.45  380.35  382.00  362.10  365.00  364.90  367.22     8453  3.104146e+11     564                6810       0.8056
2015-04-08  PHOENIXLTD     EQ      364.90  366.00  370.05  365.20  365.20  366.30  366.75    17652  6.473899e+11     687               16280       0.9223
2015-04-09  PHOENIXLTD     EQ      366.30  365.20  368.55  362.00  362.90  363.10  363.19    13258  4.815140e+11    1013               11928       0.8997
2015-04-10  PHOENIXLTD     EQ      363.10  365.40  368.80  358.00  359.50  360.00  363.35     8762  3.183656e+11     977                5990       0.6836
2015-04-13  PHOENIXLTD     EQ      360.00  361.10  376.90  359.90  363.80  362.50  363.92    31059  1.130302e+12    2441               25980       0.8365
2015-04-15  PHOENIXLTD     EQ      362.50  363.00  366.90  355.10  365.95  365.20  363.35    30733  1.116690e+12    2893               24264       0.7895
2015-04-16  PHOENIXLTD     EQ      365.20  365.05  379.00  364.15  373.20  374.95  372.82    59636  2.223346e+12     821               56183       0.9421
2015-04-17  PHOENIXLTD     EQ      374.95  371.85  377.00  369.30  375.00  374.95  374.70    10200  3.821925e+11     678                8733       0.8562
2015-04-20  PHOENIXLTD     EQ      374.95  376.10  379.50  373.40  376.95  375.00  375.65    26466  9.941825e+11     875               24267       0.9169
2015-04-21  PHOENIXLTD     EQ      375.00  376.55  379.25  374.00  376.70  376.70  376.46    13011  4.898095e+11     476               10824       0.8319
2015-04-22  PHOENIXLTD     EQ      376.70  373.00  379.00  373.00  377.00  376.60  375.62     7915  2.973037e+11     280                6897       0.8714
2015-04-23  PHOENIXLTD     EQ      376.60  377.95  379.00  374.95  377.00  376.45  376.90    81859  3.085286e+12    1344               70911       0.8663
2015-04-24  PHOENIXLTD     EQ      376.45  376.45  378.00  368.00  374.35  371.70  375.18    15385  5.772189e+11    1199               14461       0.9399
2015-04-27  PHOENIXLTD     EQ      371.70  376.80  387.90  375.50  380.00  379.95  381.86   172413  6.583698e+12    4659              148527       0.8615
2015-04-28  PHOENIXLTD     EQ      379.95  365.00  383.65  365.00  380.00  377.05  375.84    35203  1.323083e+12    1657               29384       0.8347
2015-04-29  PHOENIXLTD     EQ      377.05  366.00  388.45  366.00  372.80  368.60  371.54     2618  9.726908e+10     152                2092       0.7991
2015-04-30  PHOENIXLTD     EQ      368.60  371.30  375.00  360.30  361.00  364.25  364.26    11218  4.086249e+11     577                8875       0.7911
2015-05-04  PHOENIXLTD     EQ      364.25  365.00  369.70  360.55  360.60  362.75  365.77     1239  4.531850e+10     274                 758       0.6118
2015-05-05  PHOENIXLTD     EQ      362.75  365.00  372.00  360.90  364.00  362.25  365.42     8599  3.142241e+11     956                6525       0.7588
2015-05-06  PHOENIXLTD     EQ      362.25  364.70  369.65  357.25  362.70  361.75  363.36     7458  2.709973e+11     472                5233       0.7017
2015-05-07  PHOENIXLTD     EQ      361.75  365.00  369.00  358.00  365.70  364.35  363.17     2826  1.026307e+11     415                1588       0.5619
2015-05-08  PHOENIXLTD     EQ      364.35  367.00  377.50  357.00  360.00  360.35  363.04     6683  2.426184e+11     278                5796       0.8673
2015-05-11  PHOENIXLTD     EQ      360.35  363.40  367.40  356.10  358.00  358.00  358.36    24714  8.856538e+11     469               23969       0.9699
2015-05-12  PHOENIXLTD     EQ      358.00  363.00  363.00  358.05  358.50  360.20  360.10    95467  3.437790e+12    4760               91956       0.9632
2015-05-13  PHOENIXLTD     EQ      360.20  363.00  367.00  357.50  358.00  362.60  361.61    15877  5.741206e+11     555               14400       0.9070
2015-05-14  PHOENIXLTD     EQ      362.60  360.00  369.00  351.80  356.00  357.40  356.49    62550  2.229863e+12    4474               55272       0.8836
2015-05-15  PHOENIXLTD     EQ      357.40  357.90  360.40  355.70  360.00  359.25  359.26    21090  7.576838e+11    1852               17175       0.8144
2015-05-18  PHOENIXLTD     EQ      359.25  364.80  371.00  362.00  363.00  367.05  366.89   122587  4.497616e+12     723              119278       0.9730
2015-05-19  PHOENIXLTD     EQ      367.05  366.00  376.00  361.15  367.00  366.10  368.98   707676  2.611180e+13    1268              700262       0.9895
2015-05-20  PHOENIXLTD     EQ      366.10  366.10  373.95  366.05  368.00  367.25  368.57     2528  9.317518e+10     138                1029       0.4070
2015-05-21  PHOENIXLTD     EQ      367.25  365.25  366.05  358.10  359.95  359.30  362.12     4644  1.681674e+11     238                3299       0.7104
2015-05-22  PHOENIXLTD     EQ      359.30  358.80  364.95  350.30  355.50  355.70  356.60     6858  2.445576e+11     723                4305       0.6277
2015-05-25  PHOENIXLTD     EQ      355.70  354.95  357.95  353.55  355.95  355.05  355.10    25824  9.170092e+11    1487               20369       0.7888
2015-05-26  PHOENIXLTD     EQ      355.05  355.95  357.90  354.50  355.10  356.45  355.62     1819  6.468788e+10     194                1284       0.7059
2015-05-27  PHOENIXLTD     EQ      356.45  356.35  364.95  353.80  358.05  359.45  358.84     3063  1.099134e+11     435                1378       0.4499
2015-05-28  PHOENIXLTD     EQ      359.45  356.00  369.40  356.00  369.00  367.55  365.26     9839  3.593772e+11    1314                7021       0.7136
2015-05-29  PHOENIXLTD     EQ      367.55  364.00  386.35  346.60  373.50  374.65  377.14    31604  1.191916e+12    2960               21279       0.6733
2015-06-01  PHOENIXLTD     EQ      374.65  375.00  383.00  374.80  378.35  380.05  378.50     7039  2.664286e+11    1992                5791       0.8227
2015-06-02  PHOENIXLTD     EQ      380.05  384.80  384.80  373.30  376.20  377.25  378.58    88197  3.339003e+12    4566               81132       0.9199
2015-06-03  PHOENIXLTD     EQ      377.25  377.50  377.50  372.00  372.50  373.30  374.33    96552  3.614264e+12    1285               92627       0.9593
2015-06-04  PHOENIXLTD     EQ      373.30  368.00  373.75  358.10  360.00  359.00  365.73     2064  7.548668e+10     239                1600       0.7752
2015-06-05  PHOENIXLTD     EQ      359.00  359.05  365.00  357.30  359.00  359.50  358.63     3465  1.242647e+11     137                2793       0.8061
2015-06-08  PHOENIXLTD     EQ      359.50  360.00  360.00  342.15  350.00  352.50  350.46     3644  1.277063e+11     502                1592       0.4369
2015-06-09  PHOENIXLTD     EQ      352.50  352.00  353.05  347.20  348.00  348.50  349.92     1064  3.723164e+10     135                 350       0.3289
2015-06-10  PHOENIXLTD     EQ      348.50  346.40  350.15  337.10  340.00  341.15  348.12    22462  7.819410e+11     471               20239       0.9010
2015-06-11  PHOENIXLTD     EQ      341.15  351.95  352.00  340.15  341.20  344.35  344.27   109281  3.762196e+12    3674               97415       0.8914
2015-06-12  PHOENIXLTD     EQ      344.35  341.45  367.00  341.45  364.00  361.20  355.38    17529  6.229467e+11     399               11708       0.6679
2015-06-15  PHOENIXLTD     EQ      361.20  362.35  373.00  358.35  360.00  360.00  361.19   205848  7.434966e+12     958              188638       0.9164
2015-06-16  PHOENIXLTD     EQ      360.00  359.70  364.95  358.45  364.95  364.60  360.22   197674  7.120533e+12     398              194780       0.9854
2015-06-17  PHOENIXLTD     EQ      364.60  365.45  370.00  358.50  368.00  366.10  368.21     6316  2.325598e+11     174                5350       0.8471
2015-06-18  PHOENIXLTD     EQ      366.10  368.70  377.00  366.00  377.00  374.15  370.62    28042  1.039291e+12     348               24571       0.8762
2015-06-19  PHOENIXLTD     EQ      374.15  381.10  386.00  370.00  376.40  376.70  376.43    38346  1.443450e+12     506               35972       0.9381
2015-06-22  PHOENIXLTD     EQ      376.70  380.85  390.00  376.15  380.00  382.25  381.45    55958  2.134494e+12     372               51512       0.9205
2015-06-23  PHOENIXLTD     EQ      382.25  380.05  380.05  375.50  377.00  377.25  377.39    33572  1.266990e+12    1309               27668       0.8241
2015-06-24  PHOENIXLTD     EQ      377.25  379.05  379.05  373.50  377.50  377.50  376.89    29665  1.118031e+12    1317               25251       0.8512
2015-06-25  PHOENIXLTD     EQ      377.50  377.50  378.00  376.50  377.00  377.00  377.00    66759  2.516782e+12     327               66532       0.9966
2015-06-26  PHOENIXLTD     EQ      377.00  373.60  380.00  373.60  376.00  377.15  377.04    45682  1.722400e+12    1072               42305       0.9261
2015-06-29  PHOENIXLTD     EQ      377.15  373.00  378.00  371.00  376.00  375.90  375.18    22371  8.393223e+11    1099               17772       0.7944
2015-06-30  PHOENIXLTD     EQ      375.90  375.80  379.90  373.00  379.00  378.30  376.55     4051  1.525412e+11     232                2113       0.5216
2015-07-01  PHOENIXLTD     EQ      378.30  375.05  378.00  358.30  359.00  365.30  372.51    60968  2.271100e+12    2480               52992       0.8692
2015-07-02  PHOENIXLTD     EQ      365.30  363.40  376.85  362.95  375.00  374.90  373.49    43199  1.613444e+12     589               31809       0.7363
2015-07-03  PHOENIXLTD     EQ      374.90  374.65  376.05  372.00  376.00  374.30  374.22    18930  7.083921e+11     237               17854       0.9432
2015-07-06  PHOENIXLTD     EQ      374.30  370.60  373.70  368.50  369.85  370.30  372.37    11844  4.410403e+11     320                9418       0.7952
2015-07-07  PHOENIXLTD     EQ      370.30  374.95  379.90  368.50  376.00  371.50  371.35    29501  1.095520e+12     380               24702       0.8373
2015-07-08  PHOENIXLTD     EQ      371.50  371.15  374.05  367.00  372.00  371.00  370.68    26848  9.951918e+11    1014               21926       0.8167
2015-07-09  PHOENIXLTD     EQ      371.00  373.05  380.00  367.30  374.80  370.95  370.11   233112  8.627674e+12    4567              165204       0.7087
2015-07-10  PHOENIXLTD     EQ      370.95  369.00  371.50  349.00  357.00  362.65  359.58   266617  9.586890e+12    4408              225677       0.8464
2015-07-13  PHOENIXLTD     EQ      362.65  361.55  364.90  359.00  359.20  360.60  360.88    27006  9.746022e+11    1420               20167       0.7468
2015-07-14  PHOENIXLTD     EQ      360.60  363.50  364.70  359.95  363.35  363.75  362.06    27579  9.985119e+11     671               19688       0.7139
2015-07-15  PHOENIXLTD     EQ      363.75  365.00  372.00  361.55  370.00  369.55  364.32    16410  5.978533e+11     649               12411       0.7563
2015-07-16  PHOENIXLTD     EQ      369.55  369.00  374.65  367.50  374.00  373.40  371.77    16778  6.237582e+11     355               14816       0.8831
2015-07-17  PHOENIXLTD     EQ      373.40  373.40  380.00  373.25  377.00  377.15  377.07   471032  1.776134e+13    1945              468133       0.9938
2015-07-20  PHOENIXLTD     EQ      377.15  379.95  385.95  374.85  382.50  380.05  380.87     5048  1.922634e+11     471                2836       0.5618
2015-07-21  PHOENIXLTD     EQ      380.05  379.95  384.80  357.55  367.85  363.75  368.85    33461  1.234206e+12    2861               22235       0.6645
2015-07-22  PHOENIXLTD     EQ      363.75  364.05  367.45  360.05  361.50  362.10  361.92    28171  1.019566e+12    1515               20626       0.7322
2015-07-23  PHOENIXLTD     EQ      362.10  358.05  366.00  358.00  363.00  362.80  363.26     2052  7.454092e+10      78                1373       0.6691
2015-07-24  PHOENIXLTD     EQ      362.80  358.00  362.00  344.00  360.00  360.50  360.13    17864  6.433304e+11    1617               12403       0.6943
2015-07-27  PHOENIXLTD     EQ      360.50  359.90  360.90  351.00  357.00  356.30  356.28    26998  9.618954e+11    3829               20069       0.7434
2015-07-28  PHOENIXLTD     EQ      356.30  369.90  369.90  353.70  357.90  358.55  358.05    12274  4.394728e+11    1088                8722       0.7106
2015-07-29  PHOENIXLTD     EQ      358.55  360.10  362.10  356.60  358.85  358.40  358.45     5198  1.863202e+11     989                3801       0.7312
2015-07-30  PHOENIXLTD     EQ      358.40  353.00  359.60  350.30  356.50  356.10  355.88    18197  6.475999e+11    1663               12275       0.6746
2015-07-31  PHOENIXLTD     EQ      356.10  359.95  371.70  356.75  368.00  359.20  362.26   131973  4.780888e+12    9687               94934       0.7193
2015-08-03  PHOENIXLTD     EQ      359.20  352.00  368.00  352.00  364.00  362.30  361.22    38702  1.397995e+12    1902               33055       0.8541
2015-08-04  PHOENIXLTD     EQ      362.30  360.05  365.00  360.00  362.05  361.35  362.18     3583  1.297702e+11     415                1491       0.4161
2015-08-05  PHOENIXLTD     EQ      361.35  362.80  366.00  360.05  365.00  364.60  364.00   261262  9.509995e+12     657              253168       0.9690
2015-08-06  PHOENIXLTD     EQ      364.60  364.80  365.90  361.50  362.00  362.80  363.01    20779  7.542962e+11     750               13392       0.6445
2015-08-07  PHOENIXLTD     EQ      362.80  360.15  364.50  352.00  353.40  356.15  356.77    10691  3.814178e+11     644                6077       0.5684
2015-08-10  PHOENIXLTD     EQ      356.15  357.90  357.90  351.10  352.00  351.95  353.47     2502  8.843943e+10     306                1241       0.4960
2015-08-11  PHOENIXLTD     EQ      351.95  356.50  359.95  352.20  356.00  356.10  356.39     3682  1.312230e+11     569                2493       0.6771
2015-08-12  PHOENIXLTD     EQ      356.10  356.95  366.65  343.50  359.75  359.40  357.60    18651  6.669510e+11    1236               10566       0.5665
2015-08-13  PHOENIXLTD     EQ      359.40  359.75  362.00  356.00  360.00  360.40  360.80    53650  1.935694e+12    1189               51046       0.9515
2015-08-14  PHOENIXLTD     EQ      360.40  367.15  368.00  358.00  364.00  363.75  363.95    98185  3.573469e+12     898               93262       0.9499
2015-08-17  PHOENIXLTD     EQ      363.75  365.85  365.85  360.30  364.45  363.15  364.03     6647  2.419675e+11     280                5825       0.8763
2015-08-18  PHOENIXLTD     EQ      363.15  364.45  365.00  356.10  357.25  358.25  359.66     2446  8.797388e+10     227                2073       0.8475
2015-08-19  PHOENIXLTD     EQ      358.25  362.75  362.75  357.00  357.00  357.75  359.00     3826  1.373545e+11     309                2716       0.7099
2015-08-20  PHOENIXLTD     EQ      357.75  357.95  358.00  347.00  347.50  348.75  350.12     5017  1.756550e+11     207                4266       0.8503
2015-08-21  PHOENIXLTD     EQ      348.75  347.00  353.50  340.00  350.00  349.70  347.29     2962  1.028673e+11     154                1740       0.5874
2015-08-24  PHOENIXLTD     EQ      349.70  345.00  345.00  330.60  330.60  332.85  336.52      758  2.550852e+10      94                 588       0.7757
2015-08-25  PHOENIXLTD     EQ      332.85  331.00  349.00  317.05  330.00  330.00  330.31     4396  1.452023e+11     149                4262       0.9695
2015-08-26  PHOENIXLTD     EQ      330.00  325.05  348.00  304.60  320.00  317.05  325.28    32467  1.056093e+12    2247               22606       0.6963
2015-08-27  PHOENIXLTD     EQ      317.05  335.95  350.00  320.00  345.50  345.90  343.29    22442  7.704063e+11     757               18478       0.8234
2015-08-28  PHOENIXLTD     EQ      345.90  345.90  352.75  336.30  337.50  338.80  341.12    35062  1.196052e+12    1389               32129       0.9163
2015-08-31  PHOENIXLTD     EQ      338.80  345.00  352.00  335.15  337.20  340.05  341.87    49940  1.707286e+12    4423               41094       0.8229
2015-09-01  PHOENIXLTD     EQ      340.05  343.95  350.00  326.05  334.00  332.35  344.77    10489  3.616259e+11     423                8899       0.8484
2015-09-02  PHOENIXLTD     EQ      332.35  340.00  345.00  320.95  327.80  326.90  333.03    19828  6.603270e+11    1312               11941       0.6022
2015-09-03  PHOENIXLTD     EQ      326.90  333.85  333.85  321.10  322.10  323.50  326.39    33203  1.083701e+12   13008               27614       0.8317
2015-09-04  PHOENIXLTD     EQ      323.50  323.50  327.95  297.00  303.05  305.10  308.03    25593  7.883528e+11    1313               17538       0.6853
2015-09-07  PHOENIXLTD     EQ      305.10  318.90  318.90  296.50  300.00  299.95  299.86   286275  8.584123e+12    1948              281718       0.9841
2015-09-08  PHOENIXLTD     EQ      299.95  306.00  320.00  297.00  310.00  313.65  305.58     6491  1.983540e+11     465                4542       0.6997
2015-09-09  PHOENIXLTD     EQ      313.65  313.00  349.00  313.00  339.80  338.45  340.32    66046  2.247693e+12    1990               53856       0.8154
2015-09-10  PHOENIXLTD     EQ      338.45  332.00  338.00  327.80  331.10  332.20  332.28     3874  1.287265e+11     262                1323       0.3415
2015-09-11  PHOENIXLTD     EQ      332.20  341.00  341.00  325.50  334.90  330.85  334.01     4943  1.651006e+11     372                2418       0.4892
2015-09-14  PHOENIXLTD     EQ      330.85  339.90  339.90  329.95  332.00  332.20  332.44     3798  1.262591e+11     170                3013       0.7933
2015-09-15  PHOENIXLTD     EQ      332.20  330.05  333.00  327.20  330.00  330.00  330.01     4949  1.633198e+11     488                4780       0.9659
2015-09-16  PHOENIXLTD     EQ      330.00  330.00  336.90  328.35  331.00  330.95  330.11    63993  2.112441e+12    1134               62432       0.9756
2015-09-18  PHOENIXLTD     EQ      330.95  335.00  337.00  329.60  331.70  335.20  334.78   144107  4.824461e+12    5734              138149       0.9587
2015-09-21  PHOENIXLTD     EQ      335.20  337.85  337.90  326.00  337.50  336.25  335.38    19466  6.528447e+11     706               15600       0.8014
2015-09-22  PHOENIXLTD     EQ      336.25  335.00  340.00  333.05  334.20  336.45  336.81    17807  5.997502e+11     670               15595       0.8758
2015-09-23  PHOENIXLTD     EQ      336.45  335.00  339.05  330.05  330.55  331.10  335.06     2979  9.981322e+10     519                1389       0.4663
2015-09-24  PHOENIXLTD     EQ      331.10  334.95  336.45  330.00  334.80  335.00  333.96     2807  9.374152e+10     460                2288       0.8151
2015-09-28  PHOENIXLTD     EQ      335.00  331.00  335.00  325.00  331.50  331.95  331.61    12535  4.156738e+11     493               12096       0.9650
2015-09-29  PHOENIXLTD     EQ      331.95  326.00  330.00  316.50  325.00  324.85  324.15     9898  3.208460e+11    1403                7102       0.7175
2015-09-30  PHOENIXLTD     EQ      324.85  330.10  349.95  322.20  322.50  323.85  332.58   150745  5.013526e+12    9474              136704       0.9069
2015-10-01  PHOENIXLTD     EQ      323.85  327.00  329.20  317.10  317.15  318.25  319.42    25622  8.184158e+11    2810               17664       0.6894
2015-10-05  PHOENIXLTD     EQ      318.25  318.25  326.90  318.25  323.00  323.05  322.99    26395  8.525305e+11    1015               23518       0.8910
2015-10-06  PHOENIXLTD     EQ      323.05  324.00  333.65  323.00  331.00  328.15  328.06    57920  1.900146e+12    1404               53674       0.9267
2015-10-07  PHOENIXLTD     EQ      328.15  336.35  337.00  332.00  334.30  334.65  333.69   129808  4.331588e+12    1731              121169       0.9334
2015-10-08  PHOENIXLTD     EQ      334.65  335.00  335.00  326.00  326.20  327.15  328.02   102850  3.373678e+12     212              102402       0.9956
2015-10-09  PHOENIXLTD     EQ      327.15  326.05  329.00  320.25  323.00  323.05  327.09   131962  4.316335e+12     408              128888       0.9767
2015-10-12  PHOENIXLTD     EQ      323.05  326.50  326.50  321.30  323.50  323.50  323.47     2763  8.937589e+10     168                2477       0.8965
2015-10-13  PHOENIXLTD     EQ      323.50  320.40  329.80  320.40  323.10  323.75  323.68     2266  7.334498e+10     144                2061       0.9095
2015-10-14  PHOENIXLTD     EQ      323.75  321.00  327.00  321.00  326.00  325.20  325.00     1848  6.005922e+10     209                1607       0.8696
2015-10-15  PHOENIXLTD     EQ      325.20  326.20  328.05  324.50  326.00  325.25  325.64     2957  9.629205e+10     192                2189       0.7403
2015-10-16  PHOENIXLTD     EQ      325.25  328.80  328.85  325.00  327.00  326.95  326.68     1997  6.523794e+10     177                1945       0.9740
2015-10-19  PHOENIXLTD     EQ      326.95  328.00  329.50  323.45  328.00  328.00  327.67     2433  7.972200e+10     198                1857       0.7633
2015-10-20  PHOENIXLTD     EQ      328.00  325.15  329.50  325.15  327.10  327.20  327.14     2741  8.966816e+10     111                2375       0.8665
2015-10-21  PHOENIXLTD     EQ      327.20  327.00  344.95  325.60  332.95  332.45  332.56   362982  1.207125e+13     867              360618       0.9935
2015-10-23  PHOENIXLTD     EQ      332.45  331.00  335.55  330.00  330.00  331.65  331.78    81605  2.707509e+12    2014               77663       0.9517
2015-10-26  PHOENIXLTD     EQ      331.65  331.65  335.95  330.00  333.10  335.60  335.09    34908  1.169742e+12    1600               33265       0.9529
2015-10-27  PHOENIXLTD     EQ      335.60  334.95  335.00  331.95  334.90  332.75  333.15      874  2.911742e+10      61                 550       0.6293
2015-10-28  PHOENIXLTD     EQ      332.75  332.50  332.75  325.10  329.75  329.05  329.20     1217  4.006320e+10      84                1126       0.9252
2015-10-29  PHOENIXLTD     EQ      329.05  328.05  329.00  326.00  328.00  327.60  327.36     1774  5.807279e+10      69                1539       0.8675
2015-10-30  PHOENIXLTD     EQ      327.60  325.20  336.95  325.20  332.00  333.95  331.38     2708  8.973818e+10     189                2122       0.7836
2015-11-02  PHOENIXLTD     EQ      333.95  333.00  336.00  330.00  333.85  334.80  334.62    15771  5.277219e+11    1187               13657       0.8660
2015-11-03  PHOENIXLTD     EQ      334.80  330.10  339.95  330.10  336.00  337.85  336.66     4039  1.359789e+11     733                3052       0.7556
2015-11-04  PHOENIXLTD     EQ      337.85  337.85  341.95  332.60  339.00  339.05  339.08    83692  2.837825e+12    2266               82195       0.9821
2015-11-05  PHOENIXLTD     EQ      339.05  340.75  342.90  332.00  338.75  338.25  339.59    33480  1.136956e+12    1826               29264       0.8741
2015-11-06  PHOENIXLTD     EQ      338.25  343.00  343.00  337.00  340.00  339.55  339.88     3286  1.116837e+11     261                2651       0.8068
2015-11-09  PHOENIXLTD     EQ      339.55  337.00  340.00  325.00  327.00  329.65  330.49     5307  1.753933e+11     572                2942       0.5544
2015-11-10  PHOENIXLTD     EQ      329.65  335.85  340.00  329.05  338.00  334.45  334.89   479115  1.604516e+13    1621              473172       0.9876
2015-11-11  PHOENIXLTD     EQ      334.45  343.85  343.90  331.00  332.65  332.25  334.07     1941  6.484269e+10      64                 700       0.3606
2015-11-13  PHOENIXLTD     EQ      332.25  339.00  340.30  330.00  337.85  335.20  333.32    12222  4.073786e+11     377                9677       0.7918
2015-11-16  PHOENIXLTD     EQ      335.20  336.25  343.00  332.20  337.00  340.50  340.78     5501  1.874609e+11     783                3258       0.5923
2015-11-17  PHOENIXLTD     EQ      340.50  339.50  345.00  336.40  340.00  338.90  342.43    68185  2.334875e+12     532               66200       0.9709
2015-11-18  PHOENIXLTD     EQ      338.90  337.05  359.00  337.05  357.00  356.80  351.86    21552  7.583302e+11    1199               13443       0.6237
2015-11-19  PHOENIXLTD     EQ      356.80  346.30  364.00  346.30  360.10  360.50  360.07     9303  3.349752e+11    1253                7100       0.7632
2015-11-20  PHOENIXLTD     EQ      360.50  361.00  364.50  356.15  357.00  357.90  360.65    56440  2.035520e+12    1067               13049       0.2312
2015-11-23  PHOENIXLTD     EQ      357.90  357.90  373.00  357.00  359.90  360.05  360.32    36187  1.303895e+12    1442               31417       0.8682
2015-11-24  PHOENIXLTD     EQ      360.05  359.90  364.70  348.10  355.00  354.40  361.19    24825  8.966656e+11     492               21689       0.8737
2015-11-26  PHOENIXLTD     EQ      354.40  358.65  358.85  345.10  347.95  346.40  355.36    80744  2.869282e+12     659               78624       0.9737
2015-11-27  PHOENIXLTD     EQ      346.40  353.95  353.95  345.00  348.40  348.00  349.27      462  1.613621e+10     154                 174       0.3766
2015-11-30  PHOENIXLTD     EQ      348.00  350.30  352.00  341.00  346.25  347.95  348.31     8336  2.903503e+11     282                6660       0.7989
2015-12-01  PHOENIXLTD     EQ      347.95  351.30  353.00  345.50  347.95  347.85  348.93     3032  1.057957e+11     127                1620       0.5343
2015-12-02  PHOENIXLTD     EQ      347.85  345.80  352.45  345.75  345.75  346.40  347.89     1118  3.889404e+10      79                 189       0.1691
2015-12-03  PHOENIXLTD     EQ      346.40  343.05  347.55  337.00  345.00  341.65  343.99     2124  7.306380e+10     112                1290       0.6073
2015-12-04  PHOENIXLTD     EQ      341.65  340.00  344.00  336.00  336.00  340.15  340.10     3216  1.093768e+11     189                2116       0.6580
2015-12-07  PHOENIXLTD     EQ      340.15  342.05  349.85  335.00  338.50  337.70  339.91     1214  4.126564e+10     143                 481       0.3962
2015-12-08  PHOENIXLTD     EQ      337.70  336.00  336.00  325.20  326.50  325.75  328.78     7584  2.493479e+11     723                4042       0.5330
2015-12-09  PHOENIXLTD     EQ      325.75  330.05  335.75  318.00  320.00  320.55  320.65     8425  2.701479e+11     400                7534       0.8942
2015-12-10  PHOENIXLTD     EQ      320.55  318.45  339.70  315.05  327.20  331.40  331.59     9015  2.989271e+11    1519                5713       0.6337
2015-12-11  PHOENIXLTD     EQ      331.40  329.00  335.00  326.45  334.00  330.00  330.11    11949  3.944506e+11     298               10841       0.9073
2015-12-14  PHOENIXLTD     EQ      330.00  328.05  335.00  325.50  332.95  332.45  332.14     1042  3.460902e+10     205                 519       0.4981
2015-12-15  PHOENIXLTD     EQ      332.45  330.15  341.40  320.15  323.00  323.15  335.42    50936  1.708516e+12     843               45120       0.8858
2015-12-16  PHOENIXLTD     EQ      323.15  324.25  325.05  320.15  323.00  321.35  323.03     2585  8.350196e+10     182                1102       0.4263
2015-12-17  PHOENIXLTD     EQ      321.35  322.05  329.00  321.10  326.00  324.95  323.28     2874  9.291086e+10     190                1135       0.3949
2015-12-18  PHOENIXLTD     EQ      324.95  335.00  335.00  324.20  330.50  330.10  328.46     2453  8.057130e+10     192                1226       0.4998
2015-12-21  PHOENIXLTD     EQ      330.10  335.00  339.90  325.00  325.00  325.30  326.45    14429  4.710411e+11    1645               11057       0.7663
2015-12-22  PHOENIXLTD     EQ      325.30  328.50  337.95  326.00  337.95  336.15  333.13     4455  1.484084e+11     394                2667       0.5987
2015-12-23  PHOENIXLTD     EQ      336.15  336.15  344.45  333.45  342.00  340.65  338.70     5596  1.895345e+11     338                4432       0.7920
2015-12-24  PHOENIXLTD     EQ      340.65  343.95  347.60  338.30  338.50  338.55  340.50    40601  1.382447e+12     278               37900       0.9335
2015-12-28  PHOENIXLTD     EQ      338.55  344.45  344.45  335.95  338.00  338.95  338.12     1243  4.202890e+10      76                 349       0.2808
2015-12-29  PHOENIXLTD     EQ      338.95  345.05  347.00  334.95  337.60  335.60  338.15     4142  1.400609e+11      76                3695       0.8921
2015-12-30  PHOENIXLTD     EQ      335.60  333.95  345.05  332.10  332.10  332.20  335.78      277  9.301230e+09      37                 129       0.4657
2015-12-31  PHOENIXLTD     EQ      332.20  337.55  339.10  325.00  335.00  335.70  332.58     2907  9.667964e+10     109                2269       0.7805
2016-01-01  PHOENIXLTD     EQ      335.70  333.95  346.00  332.00  332.40  333.85  336.73     1316  4.431392e+10     195                 300       0.2280
2016-01-04  PHOENIXLTD     EQ      333.85  340.05  341.95  325.10  326.00  328.70  331.97     2469  8.196294e+10     158                1007       0.4079
2016-01-05  PHOENIXLTD     EQ      328.70  337.45  350.00  326.20  338.90  345.10  340.17     2946  1.002140e+11     133                2417       0.8204
2016-01-06  PHOENIXLTD     EQ      345.10  346.45  346.45  333.00  333.00  335.05  338.01    12160  4.110171e+11     486                8313       0.6836
2016-01-07  PHOENIXLTD     EQ      335.05  335.05  339.90  326.20  326.20  328.75  331.98      550  1.825862e+10      92                 237       0.4309
2016-01-08  PHOENIXLTD     EQ      328.75  337.00  340.55  327.00  331.75  331.05  333.73     1254  4.184979e+10     210                 464       0.3700
2016-01-11  PHOENIXLTD     EQ      331.05  339.00  339.00  327.10  330.00  330.15  331.16     4971  1.646218e+11     350                3614       0.7270
2016-01-12  PHOENIXLTD     EQ      330.15  338.90  338.90  325.25  329.00  329.30  329.58    14028  4.623285e+11    2735               10143       0.7231
2016-01-13  PHOENIXLTD     EQ      329.30  326.10  338.80  315.20  320.00  318.95  323.12    10886  3.517481e+11    1196                6825       0.6270
2016-01-14  PHOENIXLTD     EQ      318.95  318.95  319.00  310.50  315.25  315.00  315.06     3097  9.757550e+10     429                1802       0.5819
2016-01-15  PHOENIXLTD     EQ      315.00  317.95  329.45  309.00  310.00  312.25  316.41     9971  3.154957e+11     315                9045       0.9071
2016-01-18  PHOENIXLTD     EQ      312.25  314.00  315.00  297.55  298.00  299.00  301.74     1065  3.213570e+10     153                 697       0.6545
2016-01-19  PHOENIXLTD     EQ      299.00  305.00  305.00  288.55  292.00  292.85  292.70     3078  9.009332e+10     232                2072       0.6732
2016-01-20  PHOENIXLTD     EQ      292.85  292.85  294.90  292.00  293.00  293.80  293.13      959  2.811148e+10      73                 807       0.8415
2016-01-21  PHOENIXLTD     EQ      293.80  297.00  304.90  281.00  298.00  300.00  299.82   123202  3.693845e+12     287              121537       0.9865
2016-01-22  PHOENIXLTD     EQ      300.00  304.00  309.00  300.00  308.90  303.60  300.04    61732  1.852177e+12     181               61330       0.9935
2016-01-25  PHOENIXLTD     EQ      303.60  301.00  308.70  300.10  306.00  305.50  305.74     4728  1.445524e+11     291                4087       0.8644
2016-01-27  PHOENIXLTD     EQ      305.50  301.05  305.00  298.00  300.00  300.10  300.14     4702  1.411251e+11     234                4402       0.9362
2016-01-28  PHOENIXLTD     EQ      300.10  300.10  300.10  286.00  300.00  299.70  293.14    31288  9.171828e+11    3481               23244       0.7429
2016-01-29  PHOENIXLTD     EQ      299.70  300.00  301.00  291.05  300.00  300.00  299.97   540878  1.622465e+13    2014              537369       0.9935
2016-02-01  PHOENIXLTD     EQ      300.00  297.10  309.90  295.10  305.00  300.75  300.07   599271  1.798216e+13     867              594613       0.9922
2016-02-02  PHOENIXLTD     EQ      300.75  305.90  307.75  293.00  293.70  296.40  299.54    14500  4.343368e+11     881               13123       0.9050
2016-02-03  PHOENIXLTD     EQ      296.40  297.00  297.00  283.85  283.85  284.40  287.44     4054  1.165263e+11     632                2930       0.7227
2016-02-04  PHOENIXLTD     EQ      284.40  287.00  292.00  272.20  280.00  279.15  278.96    31521  8.793030e+11    4382               23460       0.7443
2016-02-05  PHOENIXLTD     EQ      279.15  279.15  279.15  270.50  271.55  273.15  273.81    13417  3.673692e+11    1362               11181       0.8333
2016-02-08  PHOENIXLTD     EQ      273.15  284.00  284.00  261.40  268.00  267.85  267.20    13216  3.531270e+11    1734               10239       0.7747
2016-02-09  PHOENIXLTD     EQ      267.85  267.10  286.60  256.10  257.00  260.05  262.40     6417  1.683825e+11     655                4665       0.7270
2016-02-10  PHOENIXLTD     EQ      260.05  263.00  266.65  255.15  262.95  261.15  259.41     2573  6.674634e+10     286                1908       0.7415
2016-02-11  PHOENIXLTD     EQ      261.15  252.05  266.60  252.05  260.00  258.35  259.68    19963  5.183988e+11    2242               18892       0.9464
2016-02-12  PHOENIXLTD     EQ      258.35  259.00  266.50  259.00  260.30  260.25  260.27   434313  1.130371e+13     314              433611       0.9984
2016-02-15  PHOENIXLTD     EQ      260.25  262.00  272.05  260.40  270.95  267.65  267.26    22127  5.913663e+11    1596               19299       0.8722
2016-02-16  PHOENIXLTD     EQ      267.65  270.00  282.00  269.95  275.50  277.05  275.48    33400  9.201166e+11    2249               27559       0.8251
2016-02-17  PHOENIXLTD     EQ      277.05  278.00  300.00  275.00  289.85  286.00  293.84   425678  1.250812e+13   12396              364573       0.8565
2016-02-18  PHOENIXLTD     EQ      286.00  287.65  299.95  285.00  299.95  294.00  291.77     7947  2.318714e+11     706                5465       0.6877
2016-02-19  PHOENIXLTD     EQ      294.00  295.00  300.00  286.60  286.60  295.00  295.00   294993  8.702291e+12     657              292553       0.9917
2016-02-22  PHOENIXLTD     EQ      295.00  287.00  289.00  285.10  285.30  286.25  287.04      966  2.772776e+10     122                 345       0.3571
2016-02-23  PHOENIXLTD     EQ      286.25  288.95  288.95  272.20  277.05  276.95  277.85     2833  7.871419e+10     307                2360       0.8330
2016-02-24  PHOENIXLTD     EQ      276.95  273.10  273.50  263.30  267.50  267.40  267.85    14632  3.919199e+11    1386               11453       0.7827
2016-02-25  PHOENIXLTD     EQ      267.40  271.00  271.00  252.95  259.50  258.20  261.16    56320  1.470828e+12    4536               51693       0.9178
2016-02-26  PHOENIXLTD     EQ      258.20  262.00  262.00  249.00  249.70  250.25  250.99     7485  1.878651e+11     259                6476       0.8652
2016-02-29  PHOENIXLTD     EQ      250.25  250.90  258.00  239.05  243.75  242.40  242.09    21335  5.165053e+11    3301               17535       0.8219
2016-03-01  PHOENIXLTD     EQ      242.40  240.00  260.00  240.00  251.25  250.00  253.40    19918  5.047304e+11    3424               16105       0.8086
2016-03-02  PHOENIXLTD     EQ      250.00  251.25  270.00  251.25  262.95  263.25  262.67    16231  4.263436e+11    2729               13104       0.8073
2016-03-03  PHOENIXLTD     EQ      263.25  256.00  272.30  256.00  266.00  268.20  268.57     3879  1.041777e+11     440                3011       0.7762
2016-03-04  PHOENIXLTD     EQ      268.20  265.00  273.95  264.00  272.00  272.40  272.16     6504  1.770113e+11     442                6073       0.9337
2016-03-08  PHOENIXLTD     EQ      272.40  270.00  287.60  270.00  285.95  287.35  284.55    12305  3.501394e+11     559               11383       0.9251
2016-03-09  PHOENIXLTD     EQ      287.35  290.35  313.20  289.20  306.00  306.20  302.82    30865  9.346459e+11    1959               12506       0.4052
2016-03-10  PHOENIXLTD     EQ      306.20  307.00  324.90  307.00  322.00  320.70  317.78    14145  4.495056e+11    1513                6745       0.4768
2016-03-11  PHOENIXLTD     EQ      320.70  313.55  334.80  313.55  322.10  323.35  325.69    16195  5.274561e+11    2238               10637       0.6568
2016-03-14  PHOENIXLTD     EQ      323.35  330.00  334.00  321.00  327.00  326.05  328.59    21972  7.219864e+11    6133               16656       0.7581
2016-03-15  PHOENIXLTD     EQ      326.05  321.00  333.40  321.00  328.05  328.40  326.64     8178  2.671242e+11     631                6239       0.7629
2016-03-16  PHOENIXLTD     EQ      328.40  324.00  330.90  324.00  327.00  327.90  327.02    29630  9.689499e+11     437               29062       0.9808
2016-03-17  PHOENIXLTD     EQ      327.90  327.00  339.65  326.10  329.50  329.50  329.07   247230  8.135514e+12    3402              242237       0.9798
2016-03-18  PHOENIXLTD     EQ      329.50  334.90  339.00  328.00  334.80  336.10  330.93   130590  4.321624e+12    1128              102669       0.7862
2016-03-21  PHOENIXLTD     EQ      336.10  332.00  334.00  322.10  323.00  325.15  329.73    27680  9.126881e+11     200               13668       0.4938
2016-03-22  PHOENIXLTD     EQ      325.15  335.95  346.95  326.80  331.05  332.75  335.49    70413  2.362276e+12    4492               54402       0.7726
2016-03-23  PHOENIXLTD     EQ      332.75  320.30  331.00  313.35  315.00  315.25  320.61    21631  6.935125e+11     919               18366       0.8491
2016-03-28  PHOENIXLTD     EQ      315.25  325.00  328.50  301.05  302.10  305.05  315.13     3389  1.067965e+11     200                2595       0.7657
2016-03-29  PHOENIXLTD     EQ      305.05  305.15  305.65  297.55  300.00  301.70  301.97     3735  1.127870e+11     528                2616       0.7004
2016-03-30  PHOENIXLTD     EQ      301.70  301.70  308.10  300.00  301.70  303.20  303.10     5718  1.733137e+11     351                3916       0.6849
2016-03-31  PHOENIXLTD     EQ      303.20  304.50  305.00  298.00  300.00  300.30  301.31     4458  1.343227e+11     599                3569       0.8006
2016-04-01  PHOENIXLTD     EQ      300.30  300.00  306.90  298.15  300.00  301.40  301.74     3209  9.682720e+10     424                2750       0.8570
2016-04-04  PHOENIXLTD     EQ      301.40  318.70  318.70  300.60  303.70  304.85  302.90    35374  1.071476e+12     215               34773       0.9830
2016-04-05  PHOENIXLTD     EQ      304.85  303.35  305.90  296.00  298.10  298.40  301.44      901  2.716013e+10     101                 481       0.5339
2016-04-06  PHOENIXLTD     EQ      298.40  301.15  304.80  299.95  301.50  302.15  300.18     6125  1.838628e+11     114                5545       0.9053
2016-04-07  PHOENIXLTD     EQ      302.15  300.00  305.00  296.15  300.10  300.35  301.01      915  2.754242e+10      78                 861       0.9410
2016-04-08  PHOENIXLTD     EQ      300.35  302.05  308.00  300.15  300.15  302.30  304.98    70799  2.159241e+12     124               50591       0.7146
2016-04-11  PHOENIXLTD     EQ      302.30  300.15  317.90  300.15  317.00  311.20  311.46     2028  6.316333e+10     305                1294       0.6381
2016-04-12  PHOENIXLTD     EQ      311.20  317.00  320.00  312.00  317.50  315.05  315.07    26224  8.262519e+11     486               25639       0.9777
2016-04-13  PHOENIXLTD     EQ      315.05  317.55  320.90  314.60  319.00  319.00  318.72     7917  2.523272e+11     326                7624       0.9630
2016-04-18  PHOENIXLTD     EQ      319.00  314.10  325.90  306.15  315.00  315.55  318.94    22510  7.179314e+11    1171               19433       0.8633
2016-04-20  PHOENIXLTD     EQ      315.55  325.00  325.00  311.00  313.00  312.65  312.77     9908  3.098923e+11     502                8643       0.8723
2016-04-21  PHOENIXLTD     EQ      312.65  328.90  328.90  302.00  302.70  305.00  309.69    26265  8.133973e+11    1708               23828       0.9072
2016-04-22  PHOENIXLTD     EQ      305.00  305.10  309.00  295.05  298.20  298.95  300.68     4392  1.320591e+11     561                3297       0.7507
2016-04-25  PHOENIXLTD     EQ      298.95  301.40  309.90  299.10  304.70  305.65  303.46     4735  1.436886e+11     508                3894       0.8224
2016-04-26  PHOENIXLTD     EQ      305.65  305.70  311.00  299.00  311.00  303.25  303.03    86439  2.619322e+12    1724               58192       0.6732
2016-04-27  PHOENIXLTD     EQ      303.25  308.00  315.00  303.35  312.00  313.00  309.27    65562  2.027640e+12    1115               63900       0.9746
2016-04-28  PHOENIXLTD     EQ      313.00  312.85  327.00  312.50  317.00  316.00  315.64    86105  2.717841e+12    1579               80638       0.9365
2016-04-29  PHOENIXLTD     EQ      316.00  317.80  326.00  316.00  319.90  321.10  320.07    11505  3.682436e+11     909                7730       0.6719
2016-05-02  PHOENIXLTD     EQ      321.10  323.90  323.90  315.00  316.30  316.15  317.07     1088  3.449728e+10     168                 654       0.6011
2016-05-03  PHOENIXLTD     EQ      316.15  316.00  321.20  305.75  312.50  315.10  312.02     2409  7.516526e+10     563                1712       0.7107
2016-05-04  PHOENIXLTD     EQ      315.10  315.00  319.00  306.05  318.00  315.55  311.04    51970  1.616482e+12     695               50854       0.9785
2016-05-05  PHOENIXLTD     EQ      315.55  312.00  321.40  311.05  320.30  319.60  317.16      656  2.080601e+10     167                 428       0.6524
2016-05-06  PHOENIXLTD     EQ      319.60  316.00  316.00  312.00  315.70  312.75  313.69      779  2.443608e+10      64                 542       0.6958
2016-05-09  PHOENIXLTD     EQ      312.75  316.90  321.90  311.00  312.25  316.00  316.00   100979  3.190905e+12     169              100500       0.9953
2016-05-10  PHOENIXLTD     EQ      316.00  316.05  327.90  311.70  327.50  326.50  317.68     8780  2.789204e+11     679                6684       0.7613
2016-05-11  PHOENIXLTD     EQ      326.50  326.00  326.00  315.00  317.90  316.90  317.22     3581  1.135970e+11     247                2432       0.6791
2016-05-12  PHOENIXLTD     EQ      316.90  319.30  325.00  316.00  324.90  323.45  321.12     1705  5.475024e+10     199                 885       0.5191
2016-05-13  PHOENIXLTD     EQ      323.45  333.00  333.00  316.00  321.00  321.95  322.02    10222  3.291716e+11    1150                7183       0.7027
2016-05-16  PHOENIXLTD     EQ      321.95  321.00  324.00  315.90  317.00  318.60  317.91     6064  1.927835e+11    1020                3701       0.6103
2016-05-17  PHOENIXLTD     EQ      318.60  318.75  321.00  309.30  316.00  313.25  311.49    85938  2.676893e+12    1368               83002       0.9658
2016-05-18  PHOENIXLTD     EQ      313.25  320.00  326.35  303.70  307.40  306.85  310.74    42673  1.326002e+12    3285               27550       0.6456
2016-05-19  PHOENIXLTD     EQ      306.85  306.20  310.00  302.20  303.40  305.45  306.60    38479  1.179771e+12    2627               28689       0.7456
2016-05-20  PHOENIXLTD     EQ      305.45  305.00  305.55  297.10  300.00  300.05  300.83     4727  1.422022e+11     448                4170       0.8822
2016-05-23  PHOENIXLTD     EQ      300.05  301.15  303.95  299.00  299.95  300.00  300.12    77650  2.330425e+12    1266               75239       0.9690
2016-05-24  PHOENIXLTD     EQ      300.00  301.25  307.90  299.70  300.00  300.60  300.68     7153  2.150780e+11     509                4353       0.6086
2016-05-25  PHOENIXLTD     EQ      300.60  301.50  307.85  299.00  300.00  300.00  300.00   594117  1.782381e+13    2049              593214       0.9985
2016-05-26  PHOENIXLTD     EQ      300.00  299.95  301.00  297.00  301.00  300.00  300.00   120717  3.621460e+12    2103              119631       0.9910
2016-05-27  PHOENIXLTD     EQ      300.00  301.00  301.10  298.00  299.50  299.55  299.77     3149  9.439900e+10     146                2788       0.8854
2016-05-30  PHOENIXLTD     EQ      299.55  300.00  302.00  300.00  301.90  301.00  301.03    32589  9.810224e+11     176               32191       0.9878
2016-05-31  PHOENIXLTD     EQ      301.00  300.95  303.80  298.05  301.80  300.45  300.02   315028  9.451438e+12     380              312779       0.9929
2016-06-01  PHOENIXLTD     EQ      300.45  300.50  302.90  292.50  298.00  296.75  296.41     5283  1.565959e+11     261                2050       0.3880
2016-06-02  PHOENIXLTD     EQ      296.75  296.00  299.90  287.10  294.20  294.80  291.84     5560  1.622647e+11     475                3031       0.5451
2016-06-03  PHOENIXLTD     EQ      294.80  292.00  298.50  284.50  292.00  291.45  289.75     9326  2.702164e+11     485                6888       0.7386
2016-06-06  PHOENIXLTD     EQ      291.45  299.35  305.00  292.00  303.00  300.15  295.59    17864  5.280435e+11    1305               16549       0.9264
2016-06-07  PHOENIXLTD     EQ      300.15  304.90  308.30  294.00  306.30  305.40  300.67    63450  1.907742e+12     770               57735       0.9099
2016-06-08  PHOENIXLTD     EQ      305.40  305.40  305.70  300.00  301.30  302.15  301.45     9317  2.808648e+11     138                6889       0.7394
2016-06-09  PHOENIXLTD     EQ      302.15  303.10  315.90  303.00  315.00  311.85  309.05    10029  3.099464e+11     399                8385       0.8361
2016-06-10  PHOENIXLTD     EQ      311.85  319.00  319.00  305.00  311.20  309.30  309.06    11863  3.666336e+11     609                9688       0.8167
2016-06-13  PHOENIXLTD     EQ      309.30  305.15  314.70  300.50  312.00  308.05  307.89    70136  2.159452e+12     659               68306       0.9739
2016-06-14  PHOENIXLTD     EQ      308.05  306.55  317.40  306.10  316.90  312.40  310.36    27422  8.510681e+11     773               24886       0.9075
2016-06-15  PHOENIXLTD     EQ      312.40  320.00  324.70  312.00  323.90  322.60  318.78    22181  7.070953e+11    2378               19143       0.8630
2016-06-16  PHOENIXLTD     EQ      322.60  315.40  324.10  315.05  323.50  321.40  320.25     6357  2.035850e+11     511                5213       0.8200
2016-06-17  PHOENIXLTD     EQ      321.40  323.85  323.90  319.30  323.00  321.05  320.88   297566  9.548441e+12     601              294037       0.9881
2016-06-20  PHOENIXLTD     EQ      321.05  322.00  339.00  322.00  333.30  336.95  331.64    45232  1.500066e+12    1524               39442       0.8720
2016-06-21  PHOENIXLTD     EQ      336.95  338.00  348.65  338.00  347.00  345.20  345.19    50933  1.758164e+12     849               46352       0.9101
2016-06-22  PHOENIXLTD     EQ      345.20  350.50  355.00  344.00  348.00  350.45  347.21    20629  7.162662e+11    1719               17787       0.8622
2016-06-23  PHOENIXLTD     EQ      350.45  347.00  348.95  345.00  345.00  346.65  346.97     4833  1.676891e+11     240                4293       0.8883
2016-06-24  PHOENIXLTD     EQ      346.65  340.00  343.00  330.10  339.25  334.65  333.57     3696  1.232886e+11     252                3007       0.8136
2016-06-27  PHOENIXLTD     EQ      334.65  335.05  338.00  330.25  337.00  335.30  334.41    23037  7.703912e+11    1131               21504       0.9335
2016-06-28  PHOENIXLTD     EQ      335.30  335.00  351.50  332.00  345.30  346.95  345.10   271918  9.383884e+12     468              269771       0.9921
2016-06-29  PHOENIXLTD     EQ      346.95  351.20  351.20  345.00  345.00  345.00  345.86    69202  2.393399e+12     797               64624       0.9338
2016-06-30  PHOENIXLTD     EQ      345.00  358.70  358.70  345.15  346.75  346.00  348.32    18106  6.306768e+11     668               11113       0.6138
2016-07-01  PHOENIXLTD     EQ      346.00  352.00  352.70  341.05  341.20  344.20  345.49    24382  8.423756e+11     360               22145       0.9083
2016-07-04  PHOENIXLTD     EQ      344.20  345.90  346.70  334.70  338.90  337.05  341.19     2954  1.007879e+11     199                2050       0.6940
2016-07-05  PHOENIXLTD     EQ      337.05  338.95  345.00  337.15  338.50  340.60  338.68    78675  2.664577e+12     265                8237       0.1047
2016-07-07  PHOENIXLTD     EQ      340.60  340.00  340.50  336.00  336.10  336.75  338.50     1986  6.722649e+10      97                1731       0.8716
2016-07-08  PHOENIXLTD     EQ      336.75  337.05  341.00  331.05  334.00  332.85  334.75     2008  6.721748e+10     218                1373       0.6838
2016-07-11  PHOENIXLTD     EQ      332.85  338.00  346.00  330.35  330.50  332.65  338.45     4921  1.665502e+11     726                3498       0.7108
2016-07-12  PHOENIXLTD     EQ      332.65  332.05  339.50  330.10  331.15  335.40  335.42    24217  8.122901e+11     993               20317       0.8390
2016-07-13  PHOENIXLTD     EQ      335.40  334.95  334.95  326.00  328.00  327.75  331.07    10546  3.491513e+11     611                8164       0.7741
2016-07-14  PHOENIXLTD     EQ      327.75  334.75  334.75  325.00  330.05  328.75  329.94     6164  2.033767e+11     304                5740       0.9312
2016-07-15  PHOENIXLTD     EQ      328.75  325.00  334.55  323.30  328.00  327.25  328.24    42995  1.411262e+12    2006               42364       0.9853
2016-07-18  PHOENIXLTD     EQ      327.25  336.20  336.20  326.00  329.00  328.15  329.33     1777  5.852122e+10     243                1389       0.7817
2016-07-19  PHOENIXLTD     EQ      328.15  325.05  335.05  325.05  332.50  333.40  332.14     6550  2.175494e+11     612                5363       0.8188
2016-07-20  PHOENIXLTD     EQ      333.40  335.15  349.00  335.15  346.10  345.50  344.13    43942  1.512179e+12    2794               36603       0.8330
2016-07-21  PHOENIXLTD     EQ      345.50  346.10  352.10  345.00  346.20  348.85  348.23    20320  7.076069e+11    1151               14784       0.7276
2016-07-22  PHOENIXLTD     EQ      348.85  351.00  360.00  350.05  356.10  356.25  356.21    33658  1.198939e+12    1829               26461       0.7862
2016-07-25  PHOENIXLTD     EQ      356.25  365.00  365.00  357.80  364.00  363.80  363.13     7260  2.636351e+11     478                5543       0.7635
2016-07-26  PHOENIXLTD     EQ      363.80  364.00  364.00  360.00  360.05  361.20  361.00     9815  3.543218e+11     380                7581       0.7724
2016-07-27  PHOENIXLTD     EQ      361.20  360.05  364.50  360.05  364.50  363.45  363.05    13540  4.915662e+11     364               11394       0.8415
2016-07-28  PHOENIXLTD     EQ      363.45  362.05  367.85  362.00  367.00  365.00  364.91    70153  2.559956e+12     258               67423       0.9611
2016-07-29  PHOENIXLTD     EQ      365.00  367.85  369.85  358.80  363.75  361.40  366.72    26993  9.898842e+11     401               25708       0.9524
2016-08-01  PHOENIXLTD     EQ      361.40  361.40  368.00  359.60  366.90  362.90  360.24    13848  4.988646e+11     149               12840       0.9272
2016-08-02  PHOENIXLTD     EQ      362.90  363.55  406.40  360.00  383.95  392.00  365.43   699489  2.556147e+13    9690              640739       0.9160
2016-08-03  PHOENIXLTD     EQ      392.00  386.00  393.35  375.00  377.50  381.00  383.07    12924  4.950825e+11    1319                5351       0.4140
2016-08-04  PHOENIXLTD     EQ      381.00  377.05  395.25  371.05  390.00  381.75  375.88   101345  3.809384e+12     600               96832       0.9555
2016-08-05  PHOENIXLTD     EQ      381.75  379.00  384.00  366.50  371.20  374.45  375.05    53694  2.013771e+12     824               48888       0.9105
2016-08-08  PHOENIXLTD     EQ      374.45  375.00  378.90  371.15  371.15  371.55  372.52     1991  7.416820e+10     150                1470       0.7383
2016-08-09  PHOENIXLTD     EQ      371.55  372.00  384.85  356.70  379.00  379.10  378.99   113161  4.288643e+12     611              109806       0.9704
2016-08-10  PHOENIXLTD     EQ      379.10  382.80  399.50  382.05  393.15  390.00  390.14   148692  5.801107e+12    1121              143496       0.9651
2016-08-11  PHOENIXLTD     EQ      390.00  387.00  399.40  387.00  392.00  391.80  392.04     3474  1.361955e+11     249                1857       0.5345
2016-08-12  PHOENIXLTD     EQ      391.80  396.00  399.00  392.05  396.50  396.30  395.75    19607  7.759457e+11    1079               10270       0.5238
2016-08-16  PHOENIXLTD     EQ      396.30  394.00  396.45  383.50  395.00  389.75  389.55    11881  4.628242e+11     954                9243       0.7780
2016-08-17  PHOENIXLTD     EQ      389.75  389.00  389.00  377.50  381.90  379.75  383.31     4649  1.782029e+11     383                4050       0.8712
2016-08-18  PHOENIXLTD     EQ      379.75  385.00  385.00  375.30  378.00  382.40  382.37    78246  2.991909e+12    2781               73160       0.9350
2016-08-19  PHOENIXLTD     EQ      382.40  380.00  382.85  370.40  373.00  372.50  372.52   866531  3.227976e+13     364              864459       0.9976
2016-08-22  PHOENIXLTD     EQ      372.50  375.05  403.70  375.00  387.50  390.80  392.68    47049  1.847504e+12    2344               22608       0.4805
2016-08-23  PHOENIXLTD     EQ      390.80  390.75  419.00  390.75  406.00  404.25  405.94    54268  2.202947e+12    3040               29183       0.5378
2016-08-24  PHOENIXLTD     EQ      404.25  404.30  419.00  404.30  408.95  407.90  412.77    32295  1.333044e+12    2275               20214       0.6259
2016-08-25  PHOENIXLTD     EQ      407.90  412.40  418.80  397.05  408.00  404.25  403.28     7284  2.937463e+11     625                5422       0.7444
2016-08-26  PHOENIXLTD     EQ      404.25  408.20  415.85  394.50  400.10  400.40  400.38    38705  1.549663e+12    1987               36102       0.9327
2016-08-29  PHOENIXLTD     EQ      400.40  404.30  404.90  393.15  396.00  397.95  398.13     6206  2.470814e+11    1491                5265       0.8484
2016-08-30  PHOENIXLTD     EQ      397.95  398.70  407.30  383.25  389.70  385.70  390.56     6174  2.411321e+11     495                4938       0.7998
2016-08-31  PHOENIXLTD     EQ      385.70  391.00  399.00  391.00  398.00  396.00  394.98     8682  3.429254e+11     688                6551       0.7545
2016-09-01  PHOENIXLTD     EQ      396.00  394.95  405.30  394.95  401.95  401.45  401.05     7503  3.009088e+11    1077                3919       0.5223
2016-09-02  PHOENIXLTD     EQ      401.45  405.00  424.90  405.00  415.00  413.10  411.22    94050  3.867566e+12     868               86781       0.9227
2016-09-06  PHOENIXLTD     EQ      413.10  421.30  432.30  405.05  426.00  426.00  424.38    17574  7.458112e+11    2411               15037       0.8556
2016-09-07  PHOENIXLTD     EQ      426.00  430.00  436.70  423.00  435.00  431.35  430.29   170830  7.350649e+12    1181              168584       0.9869
2016-09-08  PHOENIXLTD     EQ      431.35  439.95  448.95  430.00  433.00  432.80  433.51     7270  3.151621e+11    2264                4835       0.6651
2016-09-09  PHOENIXLTD     EQ      432.80  413.00  433.95  413.00  426.00  425.90  426.16     7385  3.147194e+11     646                5997       0.8121
2016-09-12  PHOENIXLTD     EQ      425.90  425.00  428.55  410.05  417.90  416.05  418.33   148781  6.224014e+12    1553              145288       0.9765
2016-09-14  PHOENIXLTD     EQ      416.05  416.50  435.00  413.05  417.00  417.10  416.83   699087  2.914002e+13    7294              675877       0.9668
2016-09-15  PHOENIXLTD     EQ      417.10  420.30  420.30  410.10  413.10  417.30  418.21     2503  1.046788e+11     366                1369       0.5469
2016-09-16  PHOENIXLTD     EQ      417.30  429.35  429.35  412.65  417.10  418.75  418.43     6103  2.553705e+11     840                3645       0.5972
2016-09-19  PHOENIXLTD     EQ      418.75  421.15  427.00  413.80  424.55  424.00  419.89     8597  3.609836e+11    1441                6765       0.7869
2016-09-20  PHOENIXLTD     EQ      424.00  430.00  430.00  410.50  419.50  421.25  417.42    63733  2.660321e+12    3093               51726       0.8116
2016-09-21  PHOENIXLTD     EQ      421.25  421.00  429.00  415.60  418.65  418.05  418.27    12641  5.287380e+11    1437                8694       0.6878
2016-09-22  PHOENIXLTD     EQ      418.05  422.00  422.00  407.40  412.00  413.55  416.44   126529  5.269155e+12    5591              118443       0.9361
2016-09-23  PHOENIXLTD     EQ      413.55  414.00  417.25  410.00  410.20  413.20  412.90    33794  1.395339e+12    1196               31524       0.9328
2016-09-26  PHOENIXLTD     EQ      413.20  417.00  417.00  400.80  405.00  403.90  412.50    50352  2.077027e+12    1894               43310       0.8601
2016-09-27  PHOENIXLTD     EQ      403.90  405.10  405.10  393.20  399.65  398.60  398.86     6120  2.441032e+11    1490                4536       0.7412
2016-09-28  PHOENIXLTD     EQ      398.60  399.00  400.95  395.20  396.00  396.40  397.32     2123  8.435208e+10     189                 972       0.4578
2016-09-29  PHOENIXLTD     EQ      396.40  396.05  399.95  365.10  371.10  371.85  381.07     7597  2.894962e+11     444                5801       0.7636
2016-09-30  PHOENIXLTD     EQ      371.85  372.80  398.00  372.80  386.45  386.00  383.64     8978  3.444340e+11    1535                7981       0.8890
2016-10-03  PHOENIXLTD     EQ      386.00  391.35  397.25  388.00  394.00  393.45  392.89    79648  3.129260e+12    1037               77799       0.9768
2016-10-04  PHOENIXLTD     EQ      393.45  398.45  398.45  389.95  393.00  392.95  392.23    16183  6.347502e+11     246               15951       0.9857
2016-10-05  PHOENIXLTD     EQ      392.95  390.10  390.10  379.85  388.20  385.70  385.65     1750  6.748948e+10     217                1437       0.8211
2016-10-06  PHOENIXLTD     EQ      385.70  388.20  393.85  381.10  381.10  385.15  388.33    16773  6.513536e+11     202                5271       0.3143
2016-10-07  PHOENIXLTD     EQ      385.15  386.25  386.25  370.00  370.00  374.55  376.40     3335  1.255293e+11     370                2249       0.6744
2016-10-10  PHOENIXLTD     EQ      374.55  375.00  378.00  372.10  374.50  375.55  375.31     1671  6.271513e+10     149                1139       0.6816
2016-10-13  PHOENIXLTD     EQ      375.55  370.00  378.00  360.00  373.00  372.90  374.57   162086  6.071193e+12    1061              160395       0.9896
2016-10-14  PHOENIXLTD     EQ      372.90  371.85  375.05  366.10  372.00  371.05  370.23    19371  7.171672e+11     428               18159       0.9374
2016-10-17  PHOENIXLTD     EQ      371.05  370.85  380.00  367.00  377.50  376.35  373.09     5321  1.985194e+11     700                4871       0.9154
2016-10-18  PHOENIXLTD     EQ      376.35  375.00  375.00  366.00  369.90  368.50  370.21     2556  9.462554e+10     219                2065       0.8079
2016-10-19  PHOENIXLTD     EQ      368.50  371.10  372.00  367.55  371.00  370.25  369.31    45636  1.685387e+12     273               45268       0.9919
2016-10-20  PHOENIXLTD     EQ      370.25  371.05  372.00  370.00  370.55  371.50  370.77     8439  3.128894e+11     124                8179       0.9692
2016-10-21  PHOENIXLTD     EQ      371.50  372.00  372.00  361.25  371.00  371.00  369.58     9768  3.610024e+11     186                8724       0.8931
2016-10-24  PHOENIXLTD     EQ      371.00  372.00  373.00  365.25  370.25  371.25  370.92    18086  6.708541e+11    1739               14280       0.7896
2016-10-25  PHOENIXLTD     EQ      371.25  377.80  377.80  366.10  367.00  367.65  371.82    17443  6.485724e+11     322               16993       0.9742
2016-10-26  PHOENIXLTD     EQ      367.65  375.00  379.00  368.60  369.00  369.15  370.04    37988  1.405697e+12     272               36610       0.9637
2016-10-27  PHOENIXLTD     EQ      369.15  378.00  378.00  371.00  373.00  373.65  373.29    11413  4.260371e+11     702                9117       0.7988
2016-10-28  PHOENIXLTD     EQ      373.65  373.10  379.00  373.10  377.00  377.05  376.99     3754  1.415227e+11     161                2959       0.7882
2016-10-30  PHOENIXLTD     EQ      377.05  384.00  384.00  377.95  378.00  379.60  380.57      673  2.561269e+10      65                 385       0.5721
2016-11-01  PHOENIXLTD     EQ      379.60  380.00  384.00  376.50  382.80  381.55  381.80     2042  7.796324e+10     487                1475       0.7223
2016-11-02  PHOENIXLTD     EQ      381.55  381.55  386.25  376.70  384.00  382.20  381.90     2514  9.600916e+10     390                2024       0.8051
2016-11-03  PHOENIXLTD     EQ      382.20  380.10  383.45  375.10  381.95  379.05  380.24    21828  8.299854e+11    2251               17243       0.7899
2016-11-04  PHOENIXLTD     EQ      379.05  381.95  381.95  370.10  371.00  371.85  372.91     1503  5.604864e+10     117                 937       0.6234
2016-11-07  PHOENIXLTD     EQ      371.85  376.00  376.00  365.10  368.25  368.35  369.90     2301  8.511473e+10     268                 727       0.3159
2016-11-08  PHOENIXLTD     EQ      368.35  371.25  373.50  360.05  362.00  362.05  362.09    66006  2.390030e+12     395               65505       0.9924
2016-11-09  PHOENIXLTD     EQ      362.05  325.00  381.30  308.00  372.00  371.20  348.49     7249  2.526211e+11     671                3818       0.5267
2016-11-10  PHOENIXLTD     EQ      371.20  370.25  386.30  355.20  358.70  368.85  370.65    23482  8.703622e+11    1042                7439       0.3168
2016-11-11  PHOENIXLTD     EQ      368.85  368.85  368.85  337.20  347.95  345.25  346.33     5637  1.952262e+11    1085                2900       0.5145
2016-11-15  PHOENIXLTD     EQ      345.25  349.95  359.90  283.10  303.40  303.10  311.87    39895  1.244210e+12    5446               20423       0.5119
2016-11-16  PHOENIXLTD     EQ      303.10  318.20  320.00  290.60  301.00  303.70  300.48   239684  7.201941e+12   11629              230037       0.9598
2016-11-17  PHOENIXLTD     EQ      303.70  315.00  349.90  302.50  335.00  331.60  337.41   154146  5.201100e+12    4636               25999       0.1687
2016-11-18  PHOENIXLTD     EQ      331.60  331.00  347.30  327.05  335.00  334.05  338.50    33938  1.148803e+12    1486               20374       0.6003
2016-11-21  PHOENIXLTD     EQ      334.05  332.00  339.90  323.50  332.00  330.90  332.29     6922  2.300145e+11     609                2973       0.4295
2016-11-22  PHOENIXLTD     EQ      330.90  337.60  342.75  330.10  337.00  335.05  335.25     4927  1.651775e+11     287                4372       0.8874
2016-11-23  PHOENIXLTD     EQ      335.05  341.10  341.10  330.05  335.75  333.85  333.50     5280  1.760857e+11     521                3017       0.5714
2016-11-24  PHOENIXLTD     EQ      333.85  340.90  344.50  334.00  344.50  343.35  339.93     5497  1.868568e+11     409                4002       0.7280
2016-11-25  PHOENIXLTD     EQ      343.35  368.00  368.00  343.05  353.00  351.60  351.27    13951  4.900526e+11    1256                8257       0.5919
2016-11-28  PHOENIXLTD     EQ      351.60  356.90  421.90  346.00  420.00  398.95  379.03    98599  3.737238e+12    4155               53447       0.5421
2016-11-29  PHOENIXLTD     EQ      398.95  412.00  434.90  393.00  410.00  402.40  408.67   149274  6.100314e+12    7165              124752       0.8357
2016-11-30  PHOENIXLTD     EQ      402.40  413.50  416.00  388.60  393.60  393.25  394.96    35874  1.416885e+12    4156               24499       0.6829
2016-12-01  PHOENIXLTD     EQ      393.25  392.00  398.90  385.00  390.00  389.20  390.16     6691  2.610591e+11    2388                4326       0.6465
2016-12-02  PHOENIXLTD     EQ      389.20  391.00  394.00  385.10  388.10  388.15  388.49    13594  5.281093e+11     600               12825       0.9434
2016-12-05  PHOENIXLTD     EQ      388.15  389.00  398.00  378.00  382.00  383.00  386.20    20671  7.983042e+11    4922               14833       0.7176
2016-12-06  PHOENIXLTD     EQ      383.00  385.00  389.90  361.00  366.50  365.55  373.51    10184  3.803801e+11    1765                6899       0.6774
2016-12-07  PHOENIXLTD     EQ      365.55  361.00  365.00  347.10  350.70  352.15  354.97     5666  2.011247e+11    1158                3197       0.5642
2016-12-08  PHOENIXLTD     EQ      352.15  355.15  359.90  341.10  351.10  350.55  350.77    22466  7.880443e+11    5904               14718       0.6551
2016-12-09  PHOENIXLTD     EQ      350.55  357.00  400.00  350.00  384.15  392.20  380.81    36252  1.380520e+12    3014               13040       0.3597
2016-12-12  PHOENIXLTD     EQ      392.20  385.10  386.00  378.15  382.00  383.00  382.13     5431  2.075375e+11     448                2156       0.3970
2016-12-13  PHOENIXLTD     EQ      383.00  388.00  388.00  371.00  377.00  374.95  375.73    19502  7.327440e+11    2093               17234       0.8837
2016-12-14  PHOENIXLTD     EQ      374.95  372.25  412.45  372.25  380.95  382.45  396.39    45364  1.798168e+12    2742               24777       0.5462
2016-12-15  PHOENIXLTD     EQ      382.45  372.25  392.00  367.10  370.00  368.75  381.51    37955  1.448025e+12    1281               31478       0.8294
2016-12-16  PHOENIXLTD     EQ      368.75  372.00  376.00  355.50  362.00  360.05  361.35    23126  8.356554e+11    2426               14931       0.6456
2016-12-19  PHOENIXLTD     EQ      360.05  362.05  378.00  361.35  364.00  364.30  364.17    62884  2.290055e+12    5158               51065       0.8121
2016-12-20  PHOENIXLTD     EQ      364.30  378.00  378.00  364.50  364.50  365.30  368.15    18885  6.952549e+11    1649                8064       0.4270
2016-12-21  PHOENIXLTD     EQ      365.30  366.00  380.00  365.30  370.00  371.10  373.16    17057  6.365004e+11    2088               10152       0.5952
2016-12-22  PHOENIXLTD     EQ      371.10  371.00  391.00  370.00  374.70  378.40  381.32   243571  9.287763e+12    7260              183050       0.7515
2016-12-23  PHOENIXLTD     EQ      378.40  374.00  381.50  370.30  373.95  373.15  377.24    14124  5.328109e+11     698                9920       0.7024
2016-12-26  PHOENIXLTD     EQ      373.15  379.75  381.00  362.15  362.15  365.90  368.61    14103  5.198509e+11    2981               10471       0.7425
2016-12-27  PHOENIXLTD     EQ      365.90  365.00  370.00  365.00  365.20  366.00  366.68     1643  6.024598e+10     479                1184       0.7206
2016-12-28  PHOENIXLTD     EQ      366.00  363.00  366.90  361.00  363.00  364.60  364.50    42901  1.563755e+12    2993               40403       0.9418
2016-12-29  PHOENIXLTD     EQ      364.60  365.00  374.50  362.40  367.00  367.65  366.91    28073  1.030031e+12    2943               18742       0.6676
2016-12-30  PHOENIXLTD     EQ      367.65  368.45  379.95  365.20  371.10  375.15  370.92    22540  8.360513e+11    3453               12508       0.5549
2017-01-02  PHOENIXLTD     EQ      375.15  374.80  380.95  370.00  380.00  379.75  377.11    13708  5.169423e+11     647               12168       0.8877
2017-01-03  PHOENIXLTD     EQ      379.75  381.25  381.25  373.15  378.00  378.00  378.30    30089  1.138271e+12    1538               19262       0.6402
2017-01-04  PHOENIXLTD     EQ      378.00  377.95  380.00  374.00  376.00  375.90  376.64    62129  2.340058e+12    2999               27231       0.4383
2017-01-05  PHOENIXLTD     EQ      375.90  378.05  379.80  372.00  372.00  374.60  377.90    28016  1.058725e+12    3641               25554       0.9121
2017-01-06  PHOENIXLTD     EQ      374.60  372.05  376.00  362.30  365.45  366.10  368.84    18639  6.874793e+11    5720               15208       0.8159
2017-01-09  PHOENIXLTD     EQ      366.10  374.75  374.75  365.00  366.55  368.75  368.97    17587  6.489089e+11    5141               14571       0.8285
2017-01-10  PHOENIXLTD     EQ      368.75  365.00  373.55  364.95  366.25  365.95  367.18    36149  1.327308e+12    2694               31927       0.8832
2017-01-11  PHOENIXLTD     EQ      365.95  364.25  364.25  356.20  362.70  360.55  360.11    11657  4.197804e+11    2143                9443       0.8101
2017-01-12  PHOENIXLTD     EQ      360.55  365.95  367.60  358.10  360.10  362.25  362.54    23621  8.563529e+11    3433               19243       0.8147
2017-01-13  PHOENIXLTD     EQ      362.25  361.70  362.70  356.80  360.50  360.00  360.08    17522  6.309303e+11    1220               16144       0.9214
2017-01-16  PHOENIXLTD     EQ      360.00  370.00  370.00  355.25  357.10  360.00  360.67    10172  3.668786e+11    1293                7125       0.7005
2017-01-17  PHOENIXLTD     EQ      360.00  365.00  370.00  355.10  357.10  357.20  359.14     3764  1.351810e+11     304                2152       0.5717
2017-01-18  PHOENIXLTD     EQ      357.20  358.05  358.45  353.95  355.00  355.05  356.92    10278  3.668443e+11     170               10085       0.9812
2017-01-19  PHOENIXLTD     EQ      355.05  355.05  358.50  354.50  357.00  357.40  356.65     9767  3.483407e+11     175                9562       0.9790
2017-01-20  PHOENIXLTD     EQ      357.40  358.95  360.40  353.00  353.60  355.00  355.06   113101  4.015724e+12    1240              111181       0.9830
2017-01-23  PHOENIXLTD     EQ      355.00  363.55  363.55  350.95  360.00  360.40  359.99    33266  1.197557e+12    3184               31830       0.9568
2017-01-24  PHOENIXLTD     EQ      360.40  361.00  367.00  361.00  365.00  364.35  364.02    23070  8.397952e+11    1350               22133       0.9594
2017-01-25  PHOENIXLTD     EQ      364.35  364.35  370.00  361.00  364.25  365.75  366.73   524434  1.923262e+13    2735              513280       0.9787
2017-01-27  PHOENIXLTD     EQ      365.75  363.05  373.75  358.45  360.10  363.50  363.78    28621  1.041171e+12     625               23549       0.8228
2017-01-30  PHOENIXLTD     EQ      363.50  363.50  363.50  352.60  354.60  353.45  357.75    25320  9.058226e+11    1155               21600       0.8531
2017-01-31  PHOENIXLTD     EQ      353.45  350.05  353.35  345.00  345.00  345.80  349.59    14404  5.035522e+11    2298               10801       0.7499
2017-02-01  PHOENIXLTD     EQ      345.80  350.00  350.00  342.00  348.90  347.65  346.26     2798  9.688463e+10     203                1733       0.6194
2017-02-02  PHOENIXLTD     EQ      347.65  348.90  354.00  342.10  348.90  346.35  349.36     8052  2.813028e+11     329                7365       0.9147
2017-02-03  PHOENIXLTD     EQ      346.35  345.45  353.95  342.05  347.00  348.00  345.53     5414  1.870710e+11     183                3571       0.6596
2017-02-06  PHOENIXLTD     EQ      348.00  350.00  353.00  345.10  345.10  347.05  349.31     2709  9.462731e+10     171                2045       0.7549
2017-02-07  PHOENIXLTD     EQ      347.05  349.80  353.95  347.95  350.00  349.95  350.93     9525  3.342579e+11     247                7924       0.8319
2017-02-08  PHOENIXLTD     EQ      349.95  357.70  357.70  346.20  348.00  349.50  349.25     6832  2.386074e+11     406                2615       0.3828
2017-02-09  PHOENIXLTD     EQ      349.50  349.95  354.90  345.25  349.80  351.80  351.23   228414  8.022580e+12    2598               89511       0.3919
2017-02-10  PHOENIXLTD     EQ      351.80  348.65  354.90  347.00  352.00  352.00  351.96    19389  6.824167e+11     435               18551       0.9568
2017-02-13  PHOENIXLTD     EQ      352.00  353.05  354.00  350.00  352.00  352.00  352.64     7457  2.629604e+11     381                5172       0.6936
2017-02-14  PHOENIXLTD     EQ      352.00  353.20  353.60  345.30  347.10  349.00  350.61     3769  1.321443e+11     546                2538       0.6734
2017-02-15  PHOENIXLTD     EQ      349.00  348.05  348.05  341.25  343.10  345.15  344.73     6902  2.379342e+11     609                5783       0.8379
2017-02-16  PHOENIXLTD     EQ      345.15  349.80  367.20  345.20  351.15  354.70  353.51    88273  3.120546e+12    5820               62645       0.7097
2017-02-17  PHOENIXLTD     EQ      354.70  354.00  366.30  351.00  361.00  360.00  360.00   141675  5.100262e+12    8456              132632       0.9362
2017-02-20  PHOENIXLTD     EQ      360.00  364.50  366.00  361.00  361.15  364.10  362.79    46029  1.669891e+12    2070               40387       0.8774
2017-02-21  PHOENIXLTD     EQ      364.10  367.95  368.00  362.15  368.00  365.35  365.20     9980  3.644742e+11    2096                8548       0.8565
2017-02-22  PHOENIXLTD     EQ      365.35  363.20  370.95  361.25  363.20  365.90  367.69   149153  5.484139e+12    8600              134632       0.9026
2017-02-23  PHOENIXLTD     EQ      365.90  369.80  380.90  355.20  356.10  364.30  366.46   102321  3.749678e+12    3416               78991       0.7720
2017-02-27  PHOENIXLTD     EQ      364.30  365.00  382.20  362.50  373.00  372.35  371.59   159132  5.913113e+12    6299              142222       0.8937
2017-02-28  PHOENIXLTD     EQ      372.35  374.85  383.45  374.85  380.00  378.05  378.55   115994  4.390954e+12    7005               98975       0.8533
2017-03-01  PHOENIXLTD     EQ      378.05  375.00  394.80  375.00  384.00  387.05  383.97    88438  3.395711e+12    3702               69678       0.7879
2017-03-02  PHOENIXLTD     EQ      387.05  391.00  391.05  375.85  379.05  380.80  382.10    23528  8.989938e+11    2952               17477       0.7428
2017-03-03  PHOENIXLTD     EQ      380.80  380.00  383.95  376.10  381.00  380.30  379.55    15558  5.904992e+11    4479                9201       0.5914
2017-03-06  PHOENIXLTD     EQ      380.30  373.00  380.95  373.00  376.05  376.30  376.77     2198  8.281490e+10     611                1255       0.5710
2017-03-07  PHOENIXLTD     EQ      376.30  377.00  379.30  372.95  375.00  375.00  375.09   308124  1.155737e+13    8327              299530       0.9721
2017-03-08  PHOENIXLTD     EQ      375.00  375.15  379.90  373.10  375.10  376.30  377.15    13736  5.180596e+11    1045                8142       0.5927
2017-03-09  PHOENIXLTD     EQ      376.30  375.20  377.45  371.00  373.80  373.90  375.35    12859  4.826570e+11     849               11220       0.8725
2017-03-10  PHOENIXLTD     EQ      373.90  385.90  385.90  367.30  372.00  371.15  370.73    27681  1.026210e+12    2651               19314       0.6977
2017-03-14  PHOENIXLTD     EQ      371.15  383.35  383.35  366.00  374.95  375.70  375.18   117656  4.414253e+12   11009               95810       0.8143
2017-03-15  PHOENIXLTD     EQ      375.70  382.00  382.00  368.60  377.50  372.40  372.94    61690  2.300685e+12    4412               52183       0.8459
2017-03-16  PHOENIXLTD     EQ      372.40  377.50  379.00  372.40  375.15  376.50  375.99    45350  1.705134e+12    3118               37888       0.8355
2017-03-17  PHOENIXLTD     EQ      376.50  378.95  413.00  372.20  391.30  392.90  392.53   265642  1.042724e+13    9585              194098       0.7307
2017-03-20  PHOENIXLTD     EQ      392.90  403.00  403.00  380.85  391.80  388.75  387.96    31978  1.240610e+12    3092               21061       0.6586
2017-03-21  PHOENIXLTD     EQ      388.75  392.15  397.50  387.10  394.10  394.10  390.98    22156  8.662620e+11    2253               11954       0.5395
2017-03-22  PHOENIXLTD     EQ      394.10  401.00  401.00  382.10  382.10  388.20  392.71    94108  3.695715e+12    1915               74498       0.7916
2017-03-23  PHOENIXLTD     EQ      388.20  395.00  395.00  378.00  380.00  380.00  381.37    27728  1.057466e+12    1359               17095       0.6165
2017-03-24  PHOENIXLTD     EQ      380.00  383.05  388.00  375.00  381.00  382.15  380.56    22709  8.642064e+11    1824               13663       0.6017
2017-03-27  PHOENIXLTD     EQ      382.15  383.40  393.45  377.45  386.10  390.15  386.88    19078  7.380937e+11    1683               12658       0.6635
2017-03-28  PHOENIXLTD     EQ      390.15  387.55  391.05  381.15  383.65  383.25  386.79    14078  5.445262e+11    1301                6865       0.4876
2017-03-29  PHOENIXLTD     EQ      383.25  380.00  384.90  376.10  378.50  379.30  379.85    78372  2.976981e+12    8380               56848       0.7254
2017-03-30  PHOENIXLTD     EQ      379.30  380.10  386.35  376.15  380.00  380.00  381.13  1718240  6.548696e+13    4375             1697622       0.9880
2017-03-31  PHOENIXLTD     EQ      380.00  382.50  384.65  375.75  378.55  378.45  378.58   540542  2.046368e+13    2059              522348       0.9663
2017-04-03  PHOENIXLTD     EQ      378.45  376.50  406.00  354.00  399.10  402.30  398.30   112823  4.493792e+12    2596               81163       0.7194
2017-04-05  PHOENIXLTD     EQ      402.30  404.90  433.40  400.05  422.00  409.00  420.45   453731  1.907700e+13   22901              337230       0.7432
2017-04-06  PHOENIXLTD     EQ      409.00  432.00  438.85  400.00  400.25  401.45  421.05   479489  2.018895e+13   14836              185369       0.3866
2017-04-07  PHOENIXLTD     EQ      401.45  411.85  426.75  409.65  420.00  418.60  419.50   343888  1.442608e+13    9490              197301       0.5737
2017-04-10  PHOENIXLTD     EQ      418.60  419.15  426.80  413.00  418.20  419.80  420.26   121765  5.117265e+12    2702               83615       0.6867
2017-04-11  PHOENIXLTD     EQ      419.80  419.85  421.15  409.90  413.50  411.30  415.04    45225  1.877009e+12    1351               30572       0.6760
2017-04-12  PHOENIXLTD     EQ      411.30  417.00  417.95  405.10  417.00  414.90  412.80    37921  1.565370e+12    2551               22041       0.5812
2017-04-13  PHOENIXLTD     EQ      414.90  418.95  421.00  406.25  407.80  408.25  415.65   110874  4.608481e+12    3236               77266       0.6969
2017-04-17  PHOENIXLTD     EQ      408.25  412.00  419.80  406.25  408.00  408.35  411.06    43192  1.775449e+12    1300               23006       0.5326
2017-04-18  PHOENIXLTD     EQ      408.35  414.90  415.00  396.20  396.20  400.30  407.69    36413  1.484533e+12    1112               21739       0.5970
2017-04-19  PHOENIXLTD     EQ      400.30  400.00  400.00  387.20  393.05  393.20  393.80    21100  8.309097e+11    1383               11233       0.5324
2017-04-20  PHOENIXLTD     EQ      393.20  392.95  413.15  392.00  405.00  404.85  405.96    22930  9.308615e+11    1248                7635       0.3330
2017-04-21  PHOENIXLTD     EQ      404.85  405.20  416.50  396.20  399.30  401.60  409.01    61140  2.500667e+12    5481               49102       0.8031
2017-04-24  PHOENIXLTD     EQ      401.60  398.05  410.00  398.05  409.40  402.95  402.68    28252  1.137646e+12    1319               12692       0.4492
2017-04-25  PHOENIXLTD     EQ      402.95  405.75  417.00  403.00  410.05  413.55  414.30   520322  2.155679e+13    3271              455831       0.8761
2017-04-26  PHOENIXLTD     EQ      413.55  414.05  416.90  405.00  408.00  408.15  414.20    88634  3.671190e+12    1682               71125       0.8025
2017-04-27  PHOENIXLTD     EQ      408.15  414.00  419.90  406.85  415.00  413.90  415.53    26741  1.111156e+12    1259               20010       0.7483
2017-04-28  PHOENIXLTD     EQ      413.90  414.95  417.50  408.10  412.05  413.40  414.06    47139  1.951845e+12    2632               31426       0.6667
2017-05-02  PHOENIXLTD     EQ      413.40  412.00  412.00  404.50  410.00  409.30  408.67    20770  8.487976e+11    1947               14218       0.6845
2017-05-03  PHOENIXLTD     EQ      409.30  413.65  419.00  410.05  417.50  414.35  414.52    26295  1.089969e+12    2550               14949       0.5685
2017-05-04  PHOENIXLTD     EQ      414.35  416.45  417.50  408.20  411.00  410.85  412.15    10844  4.469378e+11     893                5306       0.4893
2017-05-05  PHOENIXLTD     EQ      410.85  416.75  416.75  395.00  404.50  404.00  405.26    31513  1.277101e+12    1396               25006       0.7935
2017-05-08  PHOENIXLTD     EQ      404.00  404.25  408.05  396.90  408.00  407.95  402.95    39268  1.582302e+12    3270               14587       0.3715
2017-05-09  PHOENIXLTD     EQ      407.95  408.55  409.95  398.60  401.50  402.70  404.68    48845  1.976655e+12    1858               44052       0.9019
2017-05-10  PHOENIXLTD     EQ      402.70  407.60  415.95  400.05  411.05  412.30  411.35    60175  2.475308e+12    2390               44352       0.7371
2017-05-11  PHOENIXLTD     EQ      412.30  415.00  433.40  411.00  412.55  412.80  421.17   179598  7.564083e+12    8780              117006       0.6515
2017-05-12  PHOENIXLTD     EQ      412.80  415.00  429.90  415.00  417.00  417.15  417.78   330162  1.379352e+13    3937              296861       0.8991
2017-05-15  PHOENIXLTD     EQ      417.15  420.85  424.75  414.10  419.45  419.00  419.01   185774  7.784147e+12    8396              145759       0.7846
2017-05-16  PHOENIXLTD     EQ      419.00  422.85  425.15  415.40  415.40  417.40  419.00   235430  9.864433e+12    6679              201918       0.8577
2017-05-17  PHOENIXLTD     EQ      417.40  420.00  422.70  417.00  419.30  418.95  419.61    78815  3.307163e+12    4494               58708       0.7449
2017-05-18  PHOENIXLTD     EQ      418.95  417.90  417.90  399.10  404.65  404.75  406.16    71772  2.915117e+12    3222               43464       0.6056
2017-05-19  PHOENIXLTD     EQ      404.75  408.00  413.00  393.95  402.30  402.35  404.59    72432  2.930544e+12    2912               53287       0.7357
2017-05-22  PHOENIXLTD     EQ      402.35  402.35  416.45  396.25  400.00  401.70  410.91    85811  3.526046e+12    3737               51963       0.6056
2017-05-23  PHOENIXLTD     EQ      401.70  402.95  404.90  389.25  400.00  400.40  398.28   105637  4.207315e+12    4091               74700       0.7071
2017-05-24  PHOENIXLTD     EQ      400.40  403.75  410.00  392.45  408.00  409.15  408.01    81575  3.328357e+12    3263               68072       0.8345
2017-05-25  PHOENIXLTD     EQ      409.15  413.65  413.70  405.10  410.00  409.10  409.89     9058  3.712741e+11     674                5059       0.5585
2017-05-26  PHOENIXLTD     EQ      409.10  410.25  417.55  409.00  411.95  410.95  410.20   213633  8.763132e+12    1335              206089       0.9647
2017-05-29  PHOENIXLTD     EQ      410.95  412.60  416.85  404.00  411.80  408.55  409.76    62564  2.563612e+12     781               55838       0.8925
2017-05-30  PHOENIXLTD     EQ      408.55  409.00  412.50  406.85  411.95  411.10  410.47     5187  2.129098e+11     356                3179       0.6129
2017-05-31  PHOENIXLTD     EQ      411.10  409.40  414.05  408.10  413.00  411.75  411.98    13877  5.717085e+11     952               10146       0.7311
2017-06-01  PHOENIXLTD     EQ      411.75  414.80  415.40  406.00  411.15  413.40  413.46    47545  1.965799e+12   16331               42202       0.8876
2017-06-02  PHOENIXLTD     EQ      413.40  407.50  433.50  407.50  431.50  430.60  428.03    78933  3.378599e+12    3893               57684       0.7308
2017-06-05  PHOENIXLTD     EQ      430.60  425.00  436.25  424.60  435.00  431.85  429.25    29422  1.262948e+12    1805               24348       0.8275
2017-06-06  PHOENIXLTD     EQ      431.85  430.95  434.55  424.75  429.00  429.30  429.09   162987  6.993680e+12    3718              153336       0.9408
2017-06-07  PHOENIXLTD     EQ      429.30  428.60  428.70  425.45  426.90  426.85  426.46    10162  4.333723e+11     530                7594       0.7473
2017-06-08  PHOENIXLTD     EQ      426.85  428.05  431.55  422.85  427.05  427.10  428.09    17943  7.681180e+11     893               12547       0.6993
2017-06-09  PHOENIXLTD     EQ      427.10  427.10  470.00  425.30  441.00  443.30  448.94    82490  3.703285e+12    7199               40864       0.4954
2017-06-12  PHOENIXLTD     EQ      443.30  450.00  451.75  445.00  450.95  449.35  448.63    82839  3.716389e+12    7619               68249       0.8239
2017-06-13  PHOENIXLTD     EQ      449.35  447.50  456.45  447.50  455.05  455.00  454.42   236930  1.076647e+13    4786              216239       0.9127
2017-06-14  PHOENIXLTD     EQ      455.00  459.00  464.00  449.05  449.95  450.00  455.92   154709  7.053469e+12    6900              131283       0.8486
2017-06-15  PHOENIXLTD     EQ      450.00  448.00  469.00  443.55  460.00  457.85  455.61    43945  2.002200e+12    2221               22057       0.5019
2017-06-16  PHOENIXLTD     EQ      457.85  469.40  469.40  441.50  443.00  446.75  459.65   250557  1.151687e+13    7682              219904       0.8777
2017-06-19  PHOENIXLTD     EQ      446.75  446.80  450.45  444.10  449.95  449.65  448.01    11690  5.237240e+11     780                7250       0.6202
2017-06-20  PHOENIXLTD     EQ      449.65  444.00  451.70  437.05  446.00  444.40  443.78    12948  5.746084e+11    1867                7507       0.5798
2017-06-21  PHOENIXLTD     EQ      444.40  441.90  448.00  441.90  444.00  445.90  445.27     9631  4.288388e+11     531                6829       0.7091
2017-06-22  PHOENIXLTD     EQ      445.90  445.60  458.90  443.10  453.00  453.20  452.98   132025  5.980532e+12    3631              127269       0.9640
2017-06-23  PHOENIXLTD     EQ      453.20  450.00  452.90  448.60  450.50  450.50  449.74   138897  6.246693e+12    3199              132532       0.9542
2017-06-27  PHOENIXLTD     EQ      450.50  451.40  474.45  444.00  455.50  455.05  454.36   229456  1.042546e+13    9146              186992       0.8149
2017-06-28  PHOENIXLTD     EQ      455.05  452.95  454.00  447.50  450.00  450.00  450.26   159542  7.183490e+12    4329              149217       0.9353
2017-06-29  PHOENIXLTD     EQ      450.00  453.90  453.90  443.25  445.25  445.50  449.95   504763  2.271203e+13    9598              481457       0.9538
2017-06-30  PHOENIXLTD     EQ      445.50  448.50  456.30  442.75  456.25  450.05  446.78    42619  1.904118e+12    1001               13140       0.3083
2017-07-03  PHOENIXLTD     EQ      450.05  451.55  466.60  450.90  460.00  459.75  460.40    54381  2.503722e+12    1705               39270       0.7221
2017-07-04  PHOENIXLTD     EQ      459.75  463.15  464.30  452.25  462.00  462.25  461.36    43567  2.010005e+12    2007               21536       0.4943
2017-07-05  PHOENIXLTD     EQ      462.25  453.00  469.00  453.00  465.00  465.20  463.31   121269  5.618526e+12    2525               88597       0.7306
2017-07-06  PHOENIXLTD     EQ      465.20  468.00  468.80  461.00  465.00  465.40  464.90   302860  1.408002e+13    3227              277891       0.9176
2017-07-07  PHOENIXLTD     EQ      465.40  463.00  468.10  463.00  467.90  465.65  464.93    13728  6.382526e+11     715                4813       0.3506
2017-07-10  PHOENIXLTD     EQ      465.65  461.00  461.85  459.75  461.50  460.15  460.36      520  2.393862e+10      35                 243       0.4673
2017-07-11  PHOENIXLTD     EQ      460.15  460.20  486.60  460.20  480.00  480.75  472.01   209374  9.882765e+12    4007              155006       0.7403
2017-07-12  PHOENIXLTD     EQ      480.75  480.75  489.25  476.30  487.00  485.80  481.88    48675  2.345537e+12    1379               26563       0.5457
2017-07-13  PHOENIXLTD     EQ      485.80  490.00  575.00  486.00  538.00  541.50  548.54   547678  3.004256e+13   24654              172938       0.3158
2017-07-14  PHOENIXLTD     EQ      541.50  542.00  548.00  501.10  502.50  505.90  515.89   210935  1.088203e+13    8002               75689       0.3588
2017-07-17  PHOENIXLTD     EQ      505.90  509.00  517.80  488.05  506.05  508.60  504.68    85081  4.293895e+12    3787               18473       0.2171
2017-07-18  PHOENIXLTD     EQ      508.60  501.00  531.95  496.80  522.00  521.85  514.50    66483  3.420579e+12    4026               16497       0.2481
2017-07-19  PHOENIXLTD     EQ      521.85  518.95  536.45  515.05  529.00  530.95  530.55    82669  4.386005e+12    2654               56759       0.6866
2017-07-20  PHOENIXLTD     EQ      530.95  531.15  538.00  514.60  518.00  519.45  525.58   135227  7.107321e+12    2612               43259       0.3199
2017-07-21  PHOENIXLTD     EQ      519.45  520.50  524.85  509.00  510.25  510.55  516.43    13595  7.020877e+11     920                4757       0.3499
2017-07-24  PHOENIXLTD     EQ      510.55  517.95  528.45  505.05  514.00  512.75  520.08    53555  2.785300e+12    1196               36299       0.6778
2017-07-25  PHOENIXLTD     EQ      512.75  513.90  518.30  506.00  518.30  512.45  510.98    21289  1.087825e+12    1224               15038       0.7064
2017-07-26  PHOENIXLTD     EQ      512.45  516.45  516.45  499.05  502.00  502.25  507.79    45940  2.332801e+12     876               37242       0.8107
2017-07-27  PHOENIXLTD     EQ      502.25  500.25  530.00  483.05  485.00  486.65  504.38   198687  1.002147e+13    3088              164685       0.8289
2017-07-28  PHOENIXLTD     EQ      486.65  490.00  499.00  481.00  490.05  491.10  491.67    37988  1.867761e+12    1077               29080       0.7655
2017-07-31  PHOENIXLTD     EQ      491.10  483.00  494.00  481.50  489.00  487.40  487.07    15429  7.515048e+11    1457                9553       0.6192
2017-08-01  PHOENIXLTD     EQ      487.40  486.00  499.95  468.10  485.05  485.85  484.60   101737  4.930185e+12    4245               88776       0.8726
2017-08-02  PHOENIXLTD     EQ      485.85  500.40  500.40  481.55  498.00  497.50  495.58    12660  6.274033e+11     419                9190       0.7259
2017-08-03  PHOENIXLTD     EQ      497.50  497.85  510.75  481.20  484.00  484.05  492.34   244624  1.204393e+13    3648              227019       0.9280
2017-08-04  PHOENIXLTD     EQ      484.05  483.50  490.00  478.20  482.00  481.35  483.18    27143  1.311504e+12    1314               22419       0.8260
2017-08-07  PHOENIXLTD     EQ      481.35  483.00  507.90  480.10  501.90  498.85  498.18    25802  1.285410e+12    3002               19445       0.7536
2017-08-08  PHOENIXLTD     EQ      498.85  495.00  518.75  482.40  514.85  511.60  510.67    40603  2.073488e+12    5334               23340       0.5748
2017-08-09  PHOENIXLTD     EQ      511.60  517.00  520.00  503.60  514.75  513.25  511.77   247545  1.266855e+13   10924              233537       0.9434
2017-08-10  PHOENIXLTD     EQ      513.25  510.05  518.15  495.00  506.25  504.45  506.66    47021  2.382350e+12    4630               37465       0.7968
2017-08-11  PHOENIXLTD     EQ      504.45  509.10  515.20  486.00  498.40  496.35  492.06    25311  1.245464e+12    1122               18636       0.7363
2017-08-14  PHOENIXLTD     EQ      496.35  490.30  519.00  470.00  513.95  509.30  507.92    80970  4.112605e+12    6144               62371       0.7703
2017-08-16  PHOENIXLTD     EQ      509.30  515.70  535.00  515.70  525.00  524.65  527.58   197474  1.041829e+13   12579              165141       0.8363
2017-08-17  PHOENIXLTD     EQ      524.65  525.00  545.00  515.00  525.00  528.35  525.56   185516  9.749902e+12    8625              141373       0.7621
2017-08-18  PHOENIXLTD     EQ      528.35  525.00  542.00  525.00  540.05  539.25  538.43    50646  2.726920e+12    5665               35881       0.7085
2017-08-21  PHOENIXLTD     EQ      539.25  539.00  550.90  531.90  541.00  542.70  543.22    87253  4.739788e+12    4507               67383       0.7723
2017-08-22  PHOENIXLTD     EQ      542.70  551.00  551.00  536.60  539.00  540.05  542.44    46494  2.522021e+12   10458               36961       0.7950
2017-08-23  PHOENIXLTD     EQ      540.05  536.00  553.00  536.00  547.95  547.70  547.41    59798  3.273382e+12    5617               38840       0.6495
2017-08-24  PHOENIXLTD     EQ      547.70  540.20  546.25  510.75  515.05  515.75  537.04   233662  1.254853e+13    4805              193465       0.8280
2017-08-28  PHOENIXLTD     EQ      515.75  515.75  533.45  513.10  519.65  522.90  522.12   183095  9.559691e+12    7411              162711       0.8887
2017-08-29  PHOENIXLTD     EQ      522.90  522.90  528.80  514.05  526.50  523.35  520.75    61139  3.183806e+12    2541               50036       0.8184
2017-08-30  PHOENIXLTD     EQ      523.35  524.60  530.00  516.60  524.00  522.50  521.52    25106  1.309326e+12    1444               17493       0.6968
2017-08-31  PHOENIXLTD     EQ      522.50  527.60  528.95  512.05  515.10  517.75  517.46    52360  2.709401e+12    6212               37090       0.7084
2017-09-01  PHOENIXLTD     EQ      517.75  519.90  526.35  513.60  522.20  522.90  519.85    37498  1.949320e+12    4036               32668       0.8712
2017-09-04  PHOENIXLTD     EQ      522.90  517.00  528.00  508.00  509.00  512.00  512.30   318683  1.632605e+13    2322              288431       0.9051
2017-09-05  PHOENIXLTD     EQ      512.00  514.60  519.75  502.60  506.00  506.40  506.17    71066  3.597147e+12    3127               53480       0.7525
2017-09-06  PHOENIXLTD     EQ      506.40  506.00  512.40  494.00  496.10  496.50  501.14    24139  1.209705e+12    2568               13660       0.5659
2017-09-07  PHOENIXLTD     EQ      496.50  502.05  503.00  484.10  493.00  491.20  490.66   142890  7.010988e+12   10322              118594       0.8300
2017-09-08  PHOENIXLTD     EQ      491.20  492.50  496.95  488.60  490.00  490.65  490.30    87240  4.277386e+12    2355               79431       0.9105
2017-09-11  PHOENIXLTD     EQ      490.65  498.80  508.60  495.00  502.00  498.50  500.87    95791  4.797844e+12    1953               76569       0.7993
2017-09-12  PHOENIXLTD     EQ      498.50  510.00  510.00  502.00  502.05  506.60  507.25    65402  3.317490e+12    1458               55123       0.8428
2017-09-13  PHOENIXLTD     EQ      506.60  514.00  515.00  501.80  504.35  504.25  507.91    38425  1.951626e+12    3105               21999       0.5725
2017-09-14  PHOENIXLTD     EQ      504.25  514.30  514.30  501.00  502.00  502.20  502.91    53704  2.700817e+12    2174               48605       0.9051
2017-09-15  PHOENIXLTD     EQ      502.20  502.00  507.95  494.50  495.55  499.55  499.77   169912  8.491649e+12   24343              143547       0.8448
2017-09-18  PHOENIXLTD     EQ      499.55  496.00  505.00  495.20  497.00  496.50  499.87    19461  9.727947e+11    2236               12795       0.6575
2017-09-19  PHOENIXLTD     EQ      496.50  495.00  496.15  486.35  487.30  490.05  489.97   101031  4.950237e+12    1619               95807       0.9483
2017-09-20  PHOENIXLTD     EQ      490.05  490.05  503.25  490.05  492.20  494.80  495.04   454626  2.250591e+13   10206              435112       0.9571
2017-09-21  PHOENIXLTD     EQ      494.80  491.30  499.30  489.00  491.45  493.05  494.95   281232  1.391962e+13    1476              270190       0.9607
2017-09-22  PHOENIXLTD     EQ      493.05  493.55  495.85  483.70  491.90  488.45  490.29     9692  4.751892e+11     906                5165       0.5329
2017-09-25  PHOENIXLTD     EQ      488.45  487.75  487.75  452.20  470.00  472.20  467.53    62523  2.923127e+12    5118               42066       0.6728
2017-09-26  PHOENIXLTD     EQ      472.20  475.00  503.95  475.00  502.95  488.15  485.38    98032  4.758294e+12    6778               66565       0.6790
2017-09-27  PHOENIXLTD     EQ      488.15  494.65  509.00  494.00  502.80  499.00  499.91   108282  5.413089e+12    8863               88786       0.8200
2017-09-28  PHOENIXLTD     EQ      499.00  505.00  505.00  490.25  498.00  499.05  499.93    71281  3.563519e+12    8540               56586       0.7938
2017-09-29  PHOENIXLTD     EQ      499.05  506.10  508.75  496.05  506.25  500.85  502.08    14025  7.041665e+11    1226                8233       0.5870
2017-10-03  PHOENIXLTD     EQ      500.85  506.60  517.70  500.00  503.00  503.50  508.03    34506  1.753014e+12    1986               14956       0.4334
2017-10-04  PHOENIXLTD     EQ      503.50  508.40  515.85  503.65  506.40  510.10  511.14    24140  1.233893e+12    4913               11547       0.4783
2017-10-05  PHOENIXLTD     EQ      510.10  512.90  562.95  512.90  545.00  550.05  549.60   779386  4.283511e+13   10685              408060       0.5236
2017-10-06  PHOENIXLTD     EQ      550.05  546.10  557.40  528.00  530.00  538.15  545.84   122683  6.696483e+12   11031               91478       0.7456
2017-10-09  PHOENIXLTD     EQ      538.15  538.15  538.70  520.05  525.15  527.95  528.21    21503  1.135802e+12    2095                5703       0.2652
2017-10-10  PHOENIXLTD     EQ      527.95  536.05  536.05  521.15  524.00  523.45  524.72    21052  1.104631e+12    1776                4282       0.2034
2017-10-11  PHOENIXLTD     EQ      523.45  530.90  530.95  517.65  530.00  526.50  526.04    18529  9.746971e+11    1041                7753       0.4184
2017-10-12  PHOENIXLTD     EQ      526.50  527.00  544.00  515.00  528.55  530.10  526.93   160940  8.480439e+12    1545              126287       0.7847
2017-10-13  PHOENIXLTD     EQ      530.10  527.10  529.00  515.10  529.00  523.80  525.67   130803  6.875892e+12    2060              107599       0.8226
2017-10-16  PHOENIXLTD     EQ      523.80  526.75  599.00  524.10  553.00  555.30  563.24   258066  1.453523e+13    9155               99923       0.3872
2017-10-17  PHOENIXLTD     EQ      555.30  559.00  579.85  548.30  554.90  558.50  563.18    89225  5.024996e+12    4798               39679       0.4447
2017-10-18  PHOENIXLTD     EQ      558.50  564.75  572.70  551.00  561.10  566.75  562.31   115764  6.509518e+12    4125               79414       0.6860
2017-10-19  PHOENIXLTD     EQ      566.75  562.00  577.00  560.00  568.85  569.45  571.36     6933  3.961269e+11     319                4989       0.7196
2017-10-23  PHOENIXLTD     EQ      569.45  570.00  580.00  560.05  560.15  561.70  563.72    24576  1.385404e+12    2157               15212       0.6190
2017-10-24  PHOENIXLTD     EQ      561.70  552.00  574.00  552.00  567.00  562.75  559.10    28556  1.596573e+12    2761               15749       0.5515
2017-10-25  PHOENIXLTD     EQ      562.75  589.00  589.00  534.80  544.50  538.35  542.37    73511  3.987031e+12    4736               33797       0.4598
2017-10-26  PHOENIXLTD     EQ      538.35  549.65  551.00  528.00  531.00  531.65  534.69    26508  1.417358e+12    1626               12992       0.4901
2017-10-27  PHOENIXLTD     EQ      531.65  532.00  535.00  520.50  522.85  524.90  525.72    30850  1.621855e+12    2753               18773       0.6085
2017-10-30  PHOENIXLTD     EQ      524.90  524.00  524.50  505.05  508.65  507.25  512.43    56777  2.909438e+12    3783               39516       0.6960
2017-10-31  PHOENIXLTD     EQ      507.25  505.00  530.00  501.05  527.90  525.60  521.83    55819  2.912808e+12    4192               32735       0.5864
2017-11-01  PHOENIXLTD     EQ      525.60  533.00  540.80  525.65  527.10  537.05  533.70    57267  3.056362e+12    2895               46054       0.8042
2017-11-02  PHOENIXLTD     EQ      537.05  535.00  543.95  527.60  533.05  538.05  535.80    13440  7.201217e+11     845               10549       0.7849
2017-11-03  PHOENIXLTD     EQ      538.05  545.00  545.00  529.15  539.00  538.25  536.85     6544  3.513124e+11     582                3841       0.5869
2017-11-06  PHOENIXLTD     EQ      538.25  538.25  545.00  522.10  522.50  524.80  531.46     9544  5.072266e+11    1182                6447       0.6755
2017-11-07  PHOENIXLTD     EQ      524.80  532.00  532.20  513.35  513.35  521.95  525.18     7704  4.045949e+11     929                5933       0.7701
2017-11-08  PHOENIXLTD     EQ      521.95  524.50  524.50  512.00  512.00  516.60  519.23     3663  1.901940e+11     459                2337       0.6380
2017-11-09  PHOENIXLTD     EQ      516.60  520.00  551.35  509.15  516.00  517.50  517.07   153939  7.959728e+12    4084              131563       0.8546
2017-11-10  PHOENIXLTD     EQ      517.50  520.00  525.00  507.00  510.00  510.90  511.96    99707  5.104610e+12    1369               93017       0.9329
2017-11-13  PHOENIXLTD     EQ      510.90  516.40  531.30  513.20  516.55  518.20  524.96    78865  4.140079e+12    2881               64095       0.8127
2017-11-14  PHOENIXLTD     EQ      518.20  508.00  513.95  504.20  507.55  508.30  508.82    16283  8.285044e+11    1458                7388       0.4537
2017-11-15  PHOENIXLTD     EQ      508.30  508.30  513.05  505.40  508.30  507.75  509.08    20511  1.044181e+12    2267               10623       0.5179
2017-11-16  PHOENIXLTD     EQ      507.75  510.00  524.25  506.90  518.00  518.00  517.00   118879  6.146017e+12    6960              106178       0.8932
2017-11-17  PHOENIXLTD     EQ      518.00  521.00  521.00  510.25  515.05  516.60  517.60   151434  7.838210e+12    3382              138407       0.9140
2017-11-20  PHOENIXLTD     EQ      516.60  519.00  519.00  505.05  510.00  513.20  511.29    13767  7.038948e+11     889                7328       0.5323
2017-11-21  PHOENIXLTD     EQ      513.20  516.65  516.65  501.30  504.35  503.95  506.59    24007  1.216161e+12    2318               16885       0.7033
2017-11-22  PHOENIXLTD     EQ      503.95  514.00  514.00  479.30  481.05  484.90  492.80   255140  1.257339e+13   14468              196779       0.7713
2017-11-23  PHOENIXLTD     EQ      484.90  490.00  507.45  490.00  500.20  501.20  500.37   373119  1.866981e+13    9870              334388       0.8962
2017-11-24  PHOENIXLTD     EQ      501.20  501.25  514.45  500.55  512.35  513.05  508.37   221104  1.124029e+13    9817              193826       0.8766
2017-11-27  PHOENIXLTD     EQ      513.05  512.10  517.20  506.75  514.15  514.15  515.35    49716  2.562112e+12    2275               46332       0.9319
2017-11-28  PHOENIXLTD     EQ      514.15  513.00  520.95  506.00  510.00  510.00  516.07   130461  6.732734e+12    6755              114197       0.8753
2017-11-29  PHOENIXLTD     EQ      510.00  517.00  522.00  513.25  515.00  515.15  515.21   157880  8.134142e+12   10727              142872       0.9049
2017-11-30  PHOENIXLTD     EQ      515.15  514.40  521.00  513.65  516.00  516.15  516.14   143011  7.381420e+12   11721              130398       0.9118
2017-12-01  PHOENIXLTD     EQ      516.15  517.90  527.05  506.35  515.00  510.55  519.69    33261  1.728541e+12    3117               24735       0.7437
2017-12-04  PHOENIXLTD     EQ      510.55  515.00  538.20  515.00  530.00  529.05  529.19   187691  9.932401e+12   12326              115631       0.6161
2017-12-05  PHOENIXLTD     EQ      529.05  530.00  585.00  528.10  552.00  551.15  555.71   762953  4.239779e+13   37302              408349       0.5352
2017-12-06  PHOENIXLTD     EQ      551.15  550.00  558.70  541.15  550.00  551.45  550.23   191411  1.053210e+13    5120              159809       0.8349
2017-12-07  PHOENIXLTD     EQ      551.45  558.00  565.45  550.95  562.00  559.70  559.57    39133  2.189752e+12    1427               20824       0.5321
2017-12-08  PHOENIXLTD     EQ      559.70  566.00  569.95  556.55  568.70  566.15  561.25   216408  1.214596e+13    5376              190119       0.8785
2017-12-11  PHOENIXLTD     EQ      566.15  555.00  566.15  552.60  559.50  556.70  559.47    20863  1.167221e+12    1653               15049       0.7213
2017-12-12  PHOENIXLTD     EQ      556.70  565.00  565.50  557.10  558.00  559.60  560.01   315752  1.768239e+13    8545              294279       0.9320
2017-12-13  PHOENIXLTD     EQ      559.60  562.55  570.00  553.50  555.10  558.50  563.63    48464  2.731557e+12    2047               24805       0.5118
2017-12-14  PHOENIXLTD     EQ      558.50  558.45  569.25  552.55  567.00  559.65  560.58    30217  1.693898e+12    1193               20995       0.6948
2017-12-15  PHOENIXLTD     EQ      559.65  562.85  602.65  561.60  600.00  589.85  585.18   119351  6.984239e+12    4608               76985       0.6450
2017-12-18  PHOENIXLTD     EQ      589.85  603.00  619.00  570.05  584.60  583.40  600.53   127479  7.655459e+12   15598               59026       0.4630
2017-12-19  PHOENIXLTD     EQ      583.40  589.40  598.20  576.00  577.50  579.60  584.86    32938  1.926425e+12    4790               17386       0.5278
2017-12-20  PHOENIXLTD     EQ      579.60  583.90  605.90  576.85  603.95  600.80  598.95   120330  7.207122e+12   10547               91974       0.7643
2017-12-21  PHOENIXLTD     EQ      600.80  610.00  610.00  585.85  602.00  599.80  598.80    53482  3.202490e+12     639               49153       0.9191
2017-12-22  PHOENIXLTD     EQ      599.80  605.40  608.30  595.00  604.80  602.00  601.89    51156  3.079046e+12    1945               41248       0.8063
2017-12-26  PHOENIXLTD     EQ      602.00  603.00  613.90  596.10  599.95  599.65  602.36    51685  3.113289e+12    1721               40382       0.7813
2017-12-27  PHOENIXLTD     EQ      599.65  586.80  614.40  586.80  608.70  609.00  606.73    39699  2.408674e+12    1239               30712       0.7736
2017-12-28  PHOENIXLTD     EQ      609.00  615.00  683.00  600.00  638.15  644.65  646.35   212352  1.372536e+13    7032               91313       0.4300
2017-12-29  PHOENIXLTD     EQ      644.65  639.00  651.00  617.05  627.00  626.95  633.92    83443  5.289624e+12    5329               39940       0.4787
2018-01-01  PHOENIXLTD     EQ      626.95  649.80  664.40  627.00  631.00  633.65  652.02   136550  8.903390e+12    4562               27405       0.2007
2018-01-02  PHOENIXLTD     EQ      633.65  635.90  653.90  624.00  631.25  635.20  638.82    96805  6.184096e+12    4117               56107       0.5796
2018-01-03  PHOENIXLTD     EQ      635.20  636.80  640.00  615.00  618.00  618.25  629.57   812631  5.116068e+13    7187              787115       0.9686
2018-01-04  PHOENIXLTD     EQ      618.25  618.30  618.75  573.40  581.60  580.60  591.27   424905  2.512334e+13   12358              326162       0.7676
2018-01-05  PHOENIXLTD     EQ      580.60  585.25  587.80  572.80  574.20  575.10  579.91   339513  1.968854e+13   25470              287047       0.8455
2018-01-08  PHOENIXLTD     EQ      575.10  581.45  600.00  570.00  591.30  585.65  580.70   413504  2.401200e+13   12441              349194       0.8445
2018-01-09  PHOENIXLTD     EQ      585.65  596.90  606.60  590.10  606.00  602.55  597.03   312389  1.865068e+13   17665              180684       0.5784
2018-01-10  PHOENIXLTD     EQ      602.55  607.50  613.75  584.00  594.00  589.50  597.01   125050  7.465615e+12    9238               88362       0.7066
2018-01-11  PHOENIXLTD     EQ      589.50  593.90  621.40  593.90  605.00  606.65  610.21   187467  1.143946e+13    7306              104674       0.5584
2018-01-12  PHOENIXLTD     EQ      606.65  610.05  610.05  588.00  594.95  595.25  595.62   111826  6.660534e+12    7392               79851       0.7141
2018-01-15  PHOENIXLTD     EQ      595.25  595.25  620.00  595.25  618.65  616.75  612.25    63498  3.887670e+12    2765               33049       0.5205
2018-01-16  PHOENIXLTD     EQ      616.75  620.00  620.00  588.25  599.65  599.60  596.68   111073  6.627532e+12    8958               57943       0.5217
2018-01-17  PHOENIXLTD     EQ      599.60  611.00  617.00  588.00  613.00  611.20  604.96    92290  5.583168e+12    6196               67706       0.7336
2018-01-18  PHOENIXLTD     EQ      611.20  618.00  618.00  598.00  598.40  604.10  603.70    79595  4.805186e+12    2249               66785       0.8391
2018-01-19  PHOENIXLTD     EQ      604.10  592.00  615.00  592.00  607.00  606.80  604.19    77028  4.653988e+12    2215               61405       0.7972
2018-01-22  PHOENIXLTD     EQ      606.80  600.00  628.60  600.00  613.00  617.50  615.65    55552  3.420077e+12    5489               30992       0.5579
2018-01-23  PHOENIXLTD     EQ      617.50  622.15  638.95  611.75  629.05  629.15  627.47    34414  2.159378e+12    5811               25359       0.7369
2018-01-24  PHOENIXLTD     EQ      629.15  628.25  656.35  620.00  655.00  651.40  641.83   153273  9.837542e+12   16035              106712       0.6962
2018-01-25  PHOENIXLTD     EQ      651.40  650.00  663.90  635.45  653.00  649.40  650.76    41837  2.722586e+12    4638               21032       0.5027
2018-01-29  PHOENIXLTD     EQ      649.40  645.00  650.00  624.25  626.00  634.55  635.31   100790  6.403251e+12    6845               79486       0.7886
2018-01-30  PHOENIXLTD     EQ      634.55  629.95  649.00  623.25  638.25  635.85  634.71    55677  3.533864e+12    2709               39185       0.7038
2018-01-31  PHOENIXLTD     EQ      635.85  640.00  665.00  635.65  649.00  653.60  655.15    71083  4.656988e+12    7091               35752       0.5030
2018-02-01  PHOENIXLTD     EQ      653.60  666.00  699.35  650.40  675.00  674.65  676.61   134067  9.071066e+12    7663               79085       0.5899
2018-02-02  PHOENIXLTD     EQ      674.65  690.00  690.00  615.55  620.25  634.50  654.07   101368  6.630218e+12    5202               77000       0.7596
2018-02-05  PHOENIXLTD     EQ      634.50  618.65  618.70  584.45  605.00  605.10  604.83   177565  1.073961e+13   16816              138084       0.7777
2018-02-06  PHOENIXLTD     EQ      605.10  590.05  610.00  570.10  608.00  600.25  585.70   185843  1.088491e+13   17103              132209       0.7114
2018-02-07  PHOENIXLTD     EQ      600.25  608.00  620.00  603.30  609.00  615.65  615.65    38346  2.360778e+12    5304               23484       0.6124
2018-02-08  PHOENIXLTD     EQ      615.65  627.90  634.10  610.00  620.00  619.90  617.74    52549  3.246172e+12    7222               36108       0.6871
2018-02-09  PHOENIXLTD     EQ      619.90  617.00  617.00  580.05  585.15  589.30  598.90   125697  7.528037e+12    6196               87007       0.6922
2018-02-12  PHOENIXLTD     EQ      589.30  598.00  605.90  591.10  599.00  599.90  599.61    19328  1.158935e+12    2143                8310       0.4299
2018-02-14  PHOENIXLTD     EQ      599.90  595.45  627.00  595.45  605.00  604.85  607.51    62714  3.809913e+12    9930               30221       0.4819
2018-02-15  PHOENIXLTD     EQ      604.85  626.90  627.50  596.50  600.00  600.95  613.53    91759  5.629693e+12    4117               67985       0.7409
2018-02-16  PHOENIXLTD     EQ      600.95  609.50  612.50  600.05  609.00  605.80  606.96    13300  8.072617e+11    1480                6601       0.4963
2018-02-19  PHOENIXLTD     EQ      605.80  614.00  614.95  598.80  605.00  604.95  605.12    47642  2.882920e+12    4021               32382       0.6797
2018-02-20  PHOENIXLTD     EQ      604.95  613.00  613.00  589.85  595.00  594.15  596.12   107656  6.417552e+12   10132               86094       0.7997
2018-02-21  PHOENIXLTD     EQ      594.15  599.00  599.00  580.55  588.00  585.00  584.15    81206  4.743621e+12   10003               57506       0.7081
2018-02-22  PHOENIXLTD     EQ      585.00  584.50  584.50  560.00  560.05  566.25  577.13   157981  9.117527e+12   10552              123056       0.7789
2018-02-23  PHOENIXLTD     EQ      566.25  571.50  577.00  561.00  569.50  569.05  568.68   171036  9.726535e+12   25690              139362       0.8148
2018-02-26  PHOENIXLTD     EQ      569.05  569.00  601.75  568.95  579.00  583.10  587.38   169370  9.948436e+12    5356              144871       0.8554
2018-02-27  PHOENIXLTD     EQ      583.10  587.80  587.80  580.50  580.50  584.55  585.32    26277  1.538048e+12    2300               13113       0.4990
2018-02-28  PHOENIXLTD     EQ      584.55  588.50  588.50  570.05  575.00  576.60  578.47   168213  9.730584e+12    7033              149789       0.8905
2018-03-01  PHOENIXLTD     EQ      576.60  574.00  636.20  574.00  629.50  606.05  590.86   220005  1.299914e+13   22155              114097       0.5186
2018-03-05  PHOENIXLTD     EQ      606.05  601.00  662.00  596.00  652.80  651.10  644.70   389115  2.508613e+13   23190              103572       0.2662
2018-03-06  PHOENIXLTD     EQ      651.10  653.00  725.00  620.05  645.40  652.35  673.41   675067  4.545955e+13   40901              151263       0.2241
2018-03-07  PHOENIXLTD     EQ      652.35  646.10  695.00  635.20  687.70  676.30  659.28   217781  1.435791e+13   11961               77092       0.3540
2018-03-08  PHOENIXLTD     EQ      676.30  681.00  713.90  670.25  703.60  701.20  685.55   235085  1.611627e+13   16688               85145       0.3622
2018-03-09  PHOENIXLTD     EQ      701.20  701.00  710.00  682.60  704.00  699.05  700.46   226279  1.584993e+13   23517              117974       0.5214
2018-03-12  PHOENIXLTD     EQ      699.05  702.50  712.95  675.00  675.00  680.15  685.21   333931  2.288128e+13   21692              243322       0.7287
2018-03-13  PHOENIXLTD     EQ      680.15  683.90  690.00  670.50  673.80  675.10  678.29   243997  1.654998e+13   19631              166152       0.6810
2018-03-14  PHOENIXLTD     EQ      675.10  675.00  675.00  638.95  643.00  644.25  652.69    99526  6.495991e+12    6420               63240       0.6354
2018-03-15  PHOENIXLTD     EQ      644.25  649.00  649.00  613.05  616.25  618.20  629.61   281433  1.771934e+13   10551              220321       0.7829
2018-03-16  PHOENIXLTD     EQ      618.20  620.25  630.00  593.35  618.30  608.65  609.06   946049  5.762013e+13   35383              778481       0.8229
2018-03-19  PHOENIXLTD     EQ      608.65  609.05  623.45  585.20  586.90  592.45  605.30    97887  5.925114e+12    8825               23872       0.2439
2018-03-20  PHOENIXLTD     EQ      592.45  584.00  614.00  574.55  603.00  608.45  582.92   587415  3.424182e+13   10279              495326       0.8432
2018-03-21  PHOENIXLTD     EQ      608.45  612.90  613.10  601.55  605.00  607.45  606.92    40020  2.428891e+12    3179               17011       0.4251
2018-03-22  PHOENIXLTD     EQ      607.45  603.00  610.00  596.00  600.15  602.05  601.90    19524  1.175158e+12    1129                5540       0.2838
2018-03-23  PHOENIXLTD     EQ      602.05  580.00  612.00  580.00  600.00  600.70  598.42    35410  2.119018e+12    3188               12957       0.3659
2018-03-26  PHOENIXLTD     EQ      600.70  600.70  612.00  600.70  605.35  606.80  606.61    19093  1.158199e+12    1715                9190       0.4813
2018-03-27  PHOENIXLTD     EQ      606.80  606.80  606.80  590.20  596.55  595.20  599.59   160053  9.596660e+12    7627              133775       0.8358
2018-03-28  PHOENIXLTD     EQ      595.20  596.55  607.20  577.00  606.00  591.40  587.07   232748  1.366383e+13   16683              187331       0.8049
2018-04-02  PHOENIXLTD     EQ      591.40  609.90  614.45  590.10  604.00  609.45  605.40    30745  1.861301e+12    4370               13401       0.4359
2018-04-03  PHOENIXLTD     EQ      609.45  610.75  610.75  600.10  603.10  605.60  603.85    34359  2.074764e+12    2613               25214       0.7338
2018-04-04  PHOENIXLTD     EQ      605.60  611.50  611.50  579.00  579.05  579.85  591.36    50786  3.003259e+12    3724               28570       0.5626
2018-04-05  PHOENIXLTD     EQ      579.85  588.50  593.30  580.40  585.15  587.90  589.39    35798  2.109905e+12    7012               19219       0.5369
2018-04-06  PHOENIXLTD     EQ      587.90  596.00  596.00  578.10  581.85  583.00  587.74    28659  1.684409e+12    2540               14853       0.5183
2018-04-09  PHOENIXLTD     EQ      583.00  586.00  589.50  580.25  582.50  581.55  584.25    13379  7.816718e+11    1117                6393       0.4778
2018-04-10  PHOENIXLTD     EQ      581.55  586.05  587.50  571.00  572.65  574.85  574.56    34960  2.008662e+12    4596               18352       0.5249
2018-04-11  PHOENIXLTD     EQ      574.85  585.25  597.50  580.15  581.90  588.15  589.09   153906  9.066438e+12   12165               68588       0.4456
2018-04-12  PHOENIXLTD     EQ      588.15  588.15  597.00  580.05  582.50  582.90  587.45   103525  6.081597e+12    6027               75360       0.7279
2018-04-13  PHOENIXLTD     EQ      582.90  582.90  592.95  576.15  576.35  577.85  581.29    20686  1.202448e+12    1517               11692       0.5652
2018-04-16  PHOENIXLTD     EQ      577.85  571.05  580.05  566.00  574.90  573.50  573.51    78034  4.475301e+12    3050               70886       0.9084
2018-04-17  PHOENIXLTD     EQ      573.50  574.10  590.80  567.05  586.20  585.80  576.90    73861  4.261070e+12    2724               53018       0.7178
2018-04-18  PHOENIXLTD     EQ      585.80  612.00  612.00  597.15  604.00  603.85  604.01   100132  6.048110e+12    5111               42671       0.4261
2018-04-19  PHOENIXLTD     EQ      603.85  635.00  643.40  620.25  626.85  626.70  632.42   176141  1.113952e+13    7327               56113       0.3186
2018-04-20  PHOENIXLTD     EQ      626.70  630.00  639.00  626.85  634.00  634.00  634.64    72695  4.613527e+12    3019               31901       0.4388
2018-04-23  PHOENIXLTD     EQ      634.00  650.00  653.45  603.00  607.20  610.35  633.44   180329  1.142275e+13    9295               74382       0.4125
2018-04-24  PHOENIXLTD     EQ      610.35  608.00  612.00  595.00  602.10  609.30  605.45   109902  6.654025e+12    3260               65423       0.5953
2018-04-25  PHOENIXLTD     EQ      609.30  609.00  609.00  591.25  600.00  600.25  599.84    75392  4.522315e+12    1769               51379       0.6815
2018-04-26  PHOENIXLTD     EQ      600.25  600.00  614.90  600.00  610.10  610.65  607.49   105311  6.397517e+12    3464               87580       0.8316
2018-04-27  PHOENIXLTD     EQ      610.65  611.15  638.85  611.15  622.00  627.95  623.84    85701  5.346357e+12    4300               56378       0.6578
2018-04-30  PHOENIXLTD     EQ      627.95  626.95  630.55  619.25  624.30  625.60  626.44   170821  1.070095e+13    4142              159456       0.9335
2018-05-02  PHOENIXLTD     EQ      625.60  615.35  628.00  610.00  620.00  621.35  620.29    25349  1.572381e+12    1752               14845       0.5856
2018-05-03  PHOENIXLTD     EQ      621.35  625.05  635.00  616.10  625.00  622.85  622.09    14322  8.909619e+11     984               10021       0.6997
2018-05-04  PHOENIXLTD     EQ      622.85  626.00  638.35  619.00  620.00  627.60  624.59    70396  4.396895e+12    4403               50450       0.7167
2018-05-07  PHOENIXLTD     EQ      627.60  628.00  628.80  615.00  620.05  619.55  620.03    47177  2.925093e+12    3682               35995       0.7630
2018-05-08  PHOENIXLTD     EQ      619.55  624.00  638.50  615.00  619.00  622.65  626.55    77032  4.826467e+12    8664               38819       0.5039
2018-05-09  PHOENIXLTD     EQ      622.65  627.00  627.30  615.05  619.90  619.25  621.87    44413  2.761900e+12    5986               26834       0.6042
2018-05-10  PHOENIXLTD     EQ      619.25  620.45  620.45  600.00  609.00  606.25  607.93    52296  3.179238e+12    6711               35395       0.6768
2018-05-11  PHOENIXLTD     EQ      606.25  620.95  635.00  598.10  633.00  619.10  612.19   178861  1.094972e+13    8733              150414       0.8410
2018-05-14  PHOENIXLTD     EQ      619.10  635.00  660.00  620.20  650.00  650.80  650.81   174662  1.136719e+13    8933               96667       0.5535
2018-05-15  PHOENIXLTD     EQ      650.80  650.00  699.00  649.90  672.00  673.30  680.92   356728  2.429047e+13   11262               90955       0.2550
2018-05-16  PHOENIXLTD     EQ      673.30  669.55  688.90  662.85  686.00  684.55  679.90    86989  5.914367e+12    5962               53842       0.6190
2018-05-17  PHOENIXLTD     EQ      684.55  689.70  699.90  682.00  693.00  686.95  689.05    81687  5.628646e+12    6509               47994       0.5875
2018-05-18  PHOENIXLTD     EQ      686.95  682.80  703.50  682.05  690.05  697.70  692.61    71044  4.920562e+12    5040               47739       0.6720
2018-05-21  PHOENIXLTD     EQ      697.70  699.80  715.00  691.20  710.00  712.70  704.09   100486  7.075131e+12   14979               60982       0.6069
2018-05-22  PHOENIXLTD     EQ      712.70  718.00  718.50  706.95  715.00  715.10  714.49   135828  9.704708e+12   24336               99195       0.7303
2018-05-23  PHOENIXLTD     EQ      715.10  718.00  719.90  701.30  715.00  713.50  711.85    57854  4.118356e+12    7049               36276       0.6270
2018-05-24  PHOENIXLTD     EQ      713.50  711.00  715.95  684.15  685.60  691.25  699.86    99785  6.983534e+12   15249               72632       0.7279
2018-05-25  PHOENIXLTD     EQ      691.25  674.00  714.00  674.00  695.00  704.70  699.36    86720  6.064853e+12    6978               67392       0.7771
2018-05-28  PHOENIXLTD     EQ      704.70  714.75  732.00  708.50  724.95  721.05  720.65   103525  7.460478e+12    5384               69320       0.6696
2018-05-29  PHOENIXLTD     EQ      721.05  724.00  724.00  696.10  707.50  709.35  710.09    51090  3.627836e+12    3797               30148       0.5901
2018-05-30  PHOENIXLTD     EQ      709.35  705.00  714.60  695.55  698.05  701.55  703.43   152311  1.071409e+13   17014              113896       0.7478
2018-05-31  PHOENIXLTD     EQ      701.55  697.20  701.80  669.35  685.00  695.50  695.64   799507  5.561707e+13   19121              734606       0.9188
2018-06-01  PHOENIXLTD     EQ      695.50  680.05  701.90  680.05  681.35  686.30  688.16    43687  3.006368e+12    6306               27699       0.6340
2018-06-04  PHOENIXLTD     EQ      686.30  676.00  689.45  652.00  652.25  656.80  664.16    28849  1.916032e+12    2784               13592       0.4711
2018-06-05  PHOENIXLTD     EQ      656.80  652.25  659.45  623.20  641.20  649.15  638.95   139205  8.894493e+12   15546               92939       0.6676
2018-06-06  PHOENIXLTD     EQ      649.15  642.80  670.00  638.35  655.60  664.90  663.95    73821  4.901322e+12    5475               44949       0.6089
2018-06-07  PHOENIXLTD     EQ      664.90  651.00  668.20  640.45  644.00  647.20  655.39    43452  2.847785e+12    5007               24544       0.5649
2018-06-08  PHOENIXLTD     EQ      647.20  645.95  645.95  637.15  639.20  640.25  639.59   226760  1.450336e+13    1266              218739       0.9646
2018-06-11  PHOENIXLTD     EQ      640.25  656.10  665.00  630.25  641.00  641.40  641.36   274931  1.763292e+13    6489              215276       0.7830
2018-06-12  PHOENIXLTD     EQ      641.40  645.50  656.60  642.55  650.00  651.10  650.76    61046  3.972633e+12    5742               43802       0.7175
2018-06-13  PHOENIXLTD     EQ      651.10  650.80  653.80  630.00  641.00  638.30  647.37   152956  9.901930e+12    2402               23416       0.1531
2018-06-14  PHOENIXLTD     EQ      638.30  635.00  653.20  630.15  645.05  647.65  635.28   522654  3.320309e+13    2449              493921       0.9450
2018-06-15  PHOENIXLTD     EQ      647.65  650.00  652.40  637.65  649.00  644.40  644.02    47187  3.038920e+12    3029               30478       0.6459
2018-06-18  PHOENIXLTD     EQ      644.40  643.95  649.25  628.00  648.00  647.70  642.62    44144  2.836780e+12    3923               26772       0.6065
2018-06-19  PHOENIXLTD     EQ      647.70  646.50  646.50  620.00  629.85  627.60  629.62   122027  7.683009e+12    7241               80779       0.6620
2018-06-20  PHOENIXLTD     EQ      627.60  627.60  645.65  627.60  631.25  631.95  634.80   225843  1.433644e+13    3225              205942       0.9119
2018-06-21  PHOENIXLTD     EQ      631.95  635.00  652.50  629.25  639.00  637.90  636.34   340076  2.164035e+13   10274              271122       0.7972
2018-06-22  PHOENIXLTD     EQ      637.90  638.15  639.50  624.35  630.15  631.65  632.29    64171  4.057447e+12    9476               44789       0.6980
2018-06-25  PHOENIXLTD     EQ      631.65  638.00  645.00  635.00  635.50  640.80  640.75   208691  1.337197e+13    5195              182524       0.8746
2018-06-26  PHOENIXLTD     EQ      640.80  638.50  650.05  635.00  640.50  642.80  644.65    58516  3.772260e+12    4575               36884       0.6303
2018-06-27  PHOENIXLTD     EQ      642.80  642.80  643.90  622.95  640.00  638.50  636.82    62896  4.005359e+12    5343               36011       0.5725
2018-06-28  PHOENIXLTD     EQ      638.50  630.25  655.00  621.00  647.75  648.35  629.21   165138  1.039065e+13    3769               58225       0.3526
2018-06-29  PHOENIXLTD     EQ      648.35  660.00  670.00  647.20  662.50  666.60  661.20    56136  3.711737e+12    5781               26874       0.4787
2018-07-02  PHOENIXLTD     EQ      666.60  669.95  684.15  650.00  654.75  656.35  671.55    42629  2.862765e+12    5588               15364       0.3604
2018-07-03  PHOENIXLTD     EQ      656.35  645.00  659.95  640.20  643.25  645.90  650.54    13267  8.630735e+11    1497                6160       0.4643
2018-07-04  PHOENIXLTD     EQ      645.90  641.80  658.75  640.00  648.45  649.05  642.99    65039  4.181930e+12    1496                6204       0.0954
2018-07-05  PHOENIXLTD     EQ      649.05  644.00  652.45  626.05  640.00  637.45  642.30   208418  1.338674e+13    6088               62750       0.3011
2018-07-06  PHOENIXLTD     EQ      637.45  645.00  655.00  638.10  640.00  642.45  647.24    51642  3.342471e+12    4633               22444       0.4346
2018-07-09  PHOENIXLTD     EQ      642.45  647.25  660.00  641.10  650.00  650.25  650.42    24949  1.622742e+12    4292               13759       0.5515
2018-07-10  PHOENIXLTD     EQ      650.25  658.95  660.00  647.00  650.75  651.15  656.52    95906  6.296449e+12    3308               86915       0.9063
2018-07-11  PHOENIXLTD     EQ      651.15  656.90  671.25  652.00  652.00  654.95  659.10    23364  1.539925e+12    3546               13907       0.5952
2018-07-12  PHOENIXLTD     EQ      654.95  659.00  659.85  654.40  654.40  656.15  657.92    24071  1.583688e+12    6025               16428       0.6825
2018-07-13  PHOENIXLTD     EQ      656.15  656.15  660.00  641.00  644.40  646.80  647.59    26327  1.704923e+12    3471               13332       0.5064
2018-07-16  PHOENIXLTD     EQ      646.80  650.00  655.00  640.10  641.30  648.00  649.58    84079  5.461610e+12    2529               74644       0.8878
2018-07-17  PHOENIXLTD     EQ      648.00  648.85  663.00  645.00  649.15  652.70  656.26    25444  1.669782e+12    1541               18978       0.7459
2018-07-18  PHOENIXLTD     EQ      652.70  652.70  652.70  625.00  633.05  639.70  641.23   228125  1.462806e+13    2029              213827       0.9373
2018-07-19  PHOENIXLTD     EQ      639.70  635.00  648.95  630.10  640.00  646.05  637.28    21745  1.385776e+12    3292               13789       0.6341
2018-07-20  PHOENIXLTD     EQ      646.05  655.00  660.05  635.30  642.00  643.00  647.91    36763  2.381899e+12    3168               19372       0.5269
2018-07-23  PHOENIXLTD     EQ      643.00  635.00  650.00  635.00  645.00  649.30  645.99    47782  3.086681e+12    3902               31897       0.6676
2018-07-24  PHOENIXLTD     EQ      649.30  654.00  654.00  625.50  633.00  634.40  633.61    43472  2.754409e+12    3255               22563       0.5190
2018-07-25  PHOENIXLTD     EQ      634.40  638.85  638.85  621.15  622.65  623.60  625.66    72911  4.561736e+12    4812               58306       0.7997
2018-07-26  PHOENIXLTD     EQ      623.60  623.05  629.75  592.00  600.00  611.05  622.27   434534  2.703994e+13    1931              422369       0.9720
2018-07-27  PHOENIXLTD     EQ      611.05  612.60  631.00  605.85  625.15  626.05  623.67   135088  8.425054e+12    9148              118425       0.8767
2018-07-30  PHOENIXLTD     EQ      626.05  621.05  632.00  610.00  610.05  615.90  617.52    45067  2.782999e+12    2020               38709       0.8589
2018-07-31  PHOENIXLTD     EQ      615.90  606.05  640.00  606.05  635.00  628.45  616.83   746188  4.602717e+13    3854              728572       0.9764
2018-08-01  PHOENIXLTD     EQ      628.45  633.15  651.00  632.35  646.10  649.70  648.84    74588  4.839561e+12    6179               49124       0.6586
2018-08-02  PHOENIXLTD     EQ      649.70  648.20  650.20  641.25  650.00  648.60  647.63    57046  3.694451e+12    1905               50705       0.8888
2018-08-03  PHOENIXLTD     EQ      648.60  647.00  650.05  641.00  648.20  649.55  647.95    12509  8.105256e+11    2008                7248       0.5794
2018-08-06  PHOENIXLTD     EQ      649.55  650.00  650.00  642.80  645.00  645.90  646.10    27121  1.752281e+12    1264               23025       0.8490
2018-08-07  PHOENIXLTD     EQ      645.90  655.00  655.00  635.00  648.00  647.20  645.06     7451  4.806350e+11     938                4394       0.5897
2018-08-08  PHOENIXLTD     EQ      647.20  640.25  648.00  631.00  643.00  643.25  642.39    36107  2.319479e+12    1330               28140       0.7794
2018-08-09  PHOENIXLTD     EQ      643.25  645.00  648.00  632.25  643.00  640.40  641.18    67567  4.332276e+12    7530               37660       0.5574
2018-08-10  PHOENIXLTD     EQ      640.40  644.00  649.00  638.15  648.00  648.00  645.87    36341  2.347142e+12    2936               25080       0.6901
2018-08-13  PHOENIXLTD     EQ      648.00  635.20  648.00  635.00  644.90  641.30  643.07    32629  2.098261e+12    2294               22113       0.6777
2018-08-14  PHOENIXLTD     EQ      641.30  633.00  650.00  629.00  641.15  648.80  638.09    49261  3.143302e+12    3460               25150       0.5105
2018-08-16  PHOENIXLTD     EQ      648.80  638.00  643.20  622.80  634.15  636.35  634.54    26645  1.690721e+12    4492                9255       0.3473
2018-08-17  PHOENIXLTD     EQ      636.35  630.10  636.70  622.60  625.00  625.70  626.29    37058  2.320912e+12    4635               24848       0.6705
2018-08-20  PHOENIXLTD     EQ      625.70  623.50  627.00  603.50  620.00  619.80  617.52    52008  3.211609e+12    4488               36502       0.7019
2018-08-21  PHOENIXLTD     EQ      619.80  620.00  622.00  604.45  606.60  608.95  614.69    48703  2.993748e+12    2414               37708       0.7742
2018-08-23  PHOENIXLTD     EQ      608.95  608.00  620.00  603.00  610.00  611.60  613.74   129142  7.925999e+12    3102              121509       0.9409
2018-08-24  PHOENIXLTD     EQ      611.60  605.50  612.00  604.00  607.35  606.75  608.04   370480  2.252667e+13    8439              358409       0.9674
2018-08-27  PHOENIXLTD     EQ      606.75  608.00  608.05  593.10  594.00  596.75  600.51   936453  5.623504e+13    4431              896354       0.9572
2018-08-28  PHOENIXLTD     EQ      596.75  607.75  608.00  602.70  607.60  607.65  607.47    52120  3.166147e+12    2514               35428       0.6797
2018-08-29  PHOENIXLTD     EQ      607.65  608.00  615.00  603.30  608.35  607.10  608.96    33875  2.062862e+12    3168               22753       0.6717
2018-08-30  PHOENIXLTD     EQ      607.10  604.00  612.00  593.00  607.25  608.85  602.02    24612  1.481698e+12    1731               11370       0.4620
2018-08-31  PHOENIXLTD     EQ      608.85  603.00  639.90  603.00  637.00  627.20  623.88    62610  3.906143e+12    3355               47759       0.7628
2018-09-03  PHOENIXLTD     EQ      627.20  631.90  631.90  605.90  609.00  611.45  621.53    25144  1.562783e+12    2222               15985       0.6357
2018-09-04  PHOENIXLTD     EQ      611.45  606.25  649.35  605.95  628.00  629.40  628.40   121613  7.642176e+12    6498               67144       0.5521
2018-09-05  PHOENIXLTD     EQ      629.40  630.60  630.60  608.25  611.30  612.95  614.54    44462  2.732371e+12    1825               27536       0.6193
2018-09-06  PHOENIXLTD     EQ      612.95  610.00  620.95  596.00  604.60  604.80  605.96    34750  2.105713e+12    3606               22659       0.6521
2018-09-07  PHOENIXLTD     EQ      604.80  604.80  607.20  598.05  603.00  605.45  604.21    12660  7.649242e+11    1130                6837       0.5400
2018-09-10  PHOENIXLTD     EQ      605.45  605.45  610.00  600.00  605.00  605.15  604.28    19878  1.201192e+12    1686               16419       0.8260
2018-09-11  PHOENIXLTD     EQ      605.15  603.10  605.10  593.05  597.00  597.80  600.98    68051  4.089713e+12    2374               61635       0.9057
2018-09-12  PHOENIXLTD     EQ      597.80  600.00  612.65  575.20  582.00  582.30  583.03    37222  2.170160e+12    2374               25693       0.6903
2018-09-14  PHOENIXLTD     EQ      582.30  583.00  620.00  578.00  612.10  606.35  593.90   146781  8.717361e+12    7860              103520       0.7053
2018-09-17  PHOENIXLTD     EQ      606.35  618.00  618.00  596.05  598.00  599.60  601.11    15289  9.190413e+11    1409                7593       0.4966
2018-09-18  PHOENIXLTD     EQ      599.60  605.00  605.55  588.00  590.25  595.10  595.25    12985  7.729272e+11    1074                6548       0.5043
2018-09-19  PHOENIXLTD     EQ      595.10  596.05  605.00  581.00  600.25  597.65  592.07    18896  1.118773e+12    2308                9006       0.4766
2018-09-21  PHOENIXLTD     EQ      597.65  605.00  635.00  565.00  632.00  627.20  615.49   107754  6.632147e+12    3571               92738       0.8606
2018-09-24  PHOENIXLTD     EQ      627.20  629.90  629.90  583.15  588.55  588.65  593.00    21234  1.259173e+12    2378               11249       0.5298
2018-09-25  PHOENIXLTD     EQ      588.65  588.65  593.90  555.10  580.70  586.70  571.27    28926  1.652458e+12    3237               11312       0.3911
2018-09-26  PHOENIXLTD     EQ      586.70  580.35  590.00  566.15  569.05  569.70  570.81    33348  1.903544e+12    1603               25291       0.7584
2018-09-27  PHOENIXLTD     EQ      569.70  564.95  564.95  546.10  557.00  553.10  555.76    19919  1.107011e+12    2377               12001       0.6025
2018-09-28  PHOENIXLTD     EQ      553.10  557.05  561.85  538.05  561.00  548.75  547.81    38416  2.104464e+12    5215               31132       0.8104
2018-10-01  PHOENIXLTD     EQ      548.75  540.00  566.00  521.05  524.05  525.00  533.42   296030  1.579083e+13    3993              280014       0.9459
2018-10-03  PHOENIXLTD     EQ      525.00  537.95  537.95  506.00  519.70  517.10  512.02    55019  2.817092e+12    9827               38469       0.6992
2018-10-04  PHOENIXLTD     EQ      517.10  515.50  550.00  498.40  540.00  543.30  511.70   123161  6.302176e+12   17381               92529       0.7513
2018-10-05  PHOENIXLTD     EQ      543.30  531.00  540.00  527.00  539.00  537.65  534.24    16056  8.577787e+11    1867                7191       0.4479
2018-10-08  PHOENIXLTD     EQ      537.65  543.95  543.95  510.00  520.00  519.20  519.89    14100  7.330401e+11    2803                7650       0.5426
2018-10-09  PHOENIXLTD     EQ      519.20  514.20  522.35  489.00  520.00  513.30  499.60    68770  3.435715e+12    4262               51140       0.7436
2018-10-10  PHOENIXLTD     EQ      513.30  511.95  530.00  510.15  520.00  521.25  519.61    18127  9.418947e+11    2537               12684       0.6997
2018-10-11  PHOENIXLTD     EQ      521.25  508.25  532.20  505.00  532.20  517.95  514.25    14499  7.456044e+11    1345               11562       0.7974
2018-10-12  PHOENIXLTD     EQ      517.95  511.60  545.00  511.60  531.25  539.45  536.23    12131  6.505015e+11    2492                8200       0.6760
2018-10-15  PHOENIXLTD     EQ      539.45  548.00  548.00  519.00  524.10  525.45  523.99   105671  5.537104e+12    4975               76192       0.7210
2018-10-16  PHOENIXLTD     EQ      525.45  515.00  549.10  515.00  548.00  540.45  531.77    11922  6.339775e+11    1403                4901       0.4111
2018-10-17  PHOENIXLTD     EQ      540.45  540.45  567.60  540.45  556.55  563.95  559.36    21982  1.229585e+12    2246               11955       0.5439
2018-10-19  PHOENIXLTD     EQ      563.95  558.85  558.85  536.25  540.00  542.50  543.20    29638  1.609930e+12    3659               21237       0.7165
2018-10-22  PHOENIXLTD     EQ      542.50  540.05  548.00  540.05  544.00  545.05  543.93     3745  2.037009e+11     551                1955       0.5220
2018-10-23  PHOENIXLTD     EQ      545.05  531.10  550.00  530.00  550.00  536.30  536.31    24360  1.306440e+12    5478               19844       0.8146
2018-10-24  PHOENIXLTD     EQ      536.30  535.05  548.20  532.75  538.50  535.45  537.44    26910  1.446239e+12    1447               21460       0.7975
2018-10-25  PHOENIXLTD     EQ      535.45  524.00  555.00  524.00  554.00  535.95  534.99   945819  5.060080e+13    6814              935441       0.9890
2018-10-26  PHOENIXLTD     EQ      535.95  544.70  565.00  538.10  547.00  545.15  545.01  1015806  5.536241e+13    1858             1004746       0.9891
2018-10-29  PHOENIXLTD     EQ      545.15  546.00  546.00  534.00  540.00  540.65  537.76    18105  9.736135e+11    1762               12075       0.6669
2018-10-30  PHOENIXLTD     EQ      540.65  540.65  564.70  540.00  556.70  553.25  547.42    55294  3.026910e+12    2541               40996       0.7414
2018-10-31  PHOENIXLTD     EQ      553.25  546.25  560.00  546.25  556.60  553.40  552.12    22345  1.233708e+12    2429               15705       0.7028
2018-11-01  PHOENIXLTD     EQ      553.40  551.00  578.50  551.00  578.50  571.30  560.90   123030  6.900706e+12    1685              113775       0.9248
2018-11-02  PHOENIXLTD     EQ      571.30  579.00  591.00  570.10  575.00  573.60  570.93   263167  1.502503e+13    2437              245695       0.9336
2018-11-05  PHOENIXLTD     EQ      573.60  578.20  589.90  565.35  589.85  583.45  575.28    37703  2.168978e+12    3875               25827       0.6850
2018-11-06  PHOENIXLTD     EQ      583.45  603.95  615.70  597.10  607.00  601.50  604.80   117572  7.110803e+12    6455               50828       0.4323
2018-11-07  PHOENIXLTD     EQ      601.50  607.00  609.90  602.05  604.00  602.95  605.84     1921  1.163818e+11     134                1255       0.6533
2018-11-09  PHOENIXLTD     EQ      602.95  610.00  612.90  590.95  598.10  597.60  600.74    44690  2.684724e+12    3103               31715       0.7097
2018-11-12  PHOENIXLTD     EQ      597.60  590.00  599.95  587.20  595.95  594.80  593.04    48390  2.869713e+12    1364               43886       0.9069
2018-11-13  PHOENIXLTD     EQ      594.80  588.50  605.00  587.75  603.00  601.60  597.06    30043  1.793735e+12    2982               18957       0.6310
2018-11-14  PHOENIXLTD     EQ      601.60  604.50  608.50  593.00  604.00  601.30  600.13    34252  2.055571e+12    1595               29113       0.8500
2018-11-15  PHOENIXLTD     EQ      601.30  607.00  607.00  595.10  600.00  601.05  599.94    13745  8.246235e+11    1188                9182       0.6680
2018-11-16  PHOENIXLTD     EQ      601.05  602.00  614.75  596.05  608.00  607.25  601.55    24747  1.488655e+12    1996               18072       0.7303
2018-11-19  PHOENIXLTD     EQ      607.25  602.00  630.00  602.00  620.10  627.70  622.43    42706  2.658141e+12    4804               16743       0.3921
2018-11-20  PHOENIXLTD     EQ      627.70  625.00  625.00  605.00  609.00  609.20  609.15    15386  9.372441e+11    1345                6679       0.4341
2018-11-21  PHOENIXLTD     EQ      609.20  610.00  610.00  600.00  601.00  603.25  604.34     6301  3.807974e+11    1016                2290       0.3634
2018-11-22  PHOENIXLTD     EQ      603.25  605.95  605.95  594.60  595.50  596.95  597.42    25951  1.550369e+12    3995               17065       0.6576
2018-11-26  PHOENIXLTD     EQ      596.95  605.90  622.15  585.60  602.40  603.55  606.64    34191  2.074154e+12    7750               18316       0.5357
2018-11-27  PHOENIXLTD     EQ      603.55  603.00  615.00  598.00  607.00  605.40  606.57    24282  1.472877e+12    4912               13022       0.5363
2018-11-28  PHOENIXLTD     EQ      605.40  609.90  609.90  595.70  602.00  599.50  600.16    48681  2.921640e+12    2369               39965       0.8210
2018-11-29  PHOENIXLTD     EQ      599.50  600.00  603.00  595.30  600.00  600.40  599.97    16345  9.806584e+11    1621               11589       0.7090
2018-11-30  PHOENIXLTD     EQ      600.40  598.00  631.30  598.00  622.25  614.55  613.46    70888  4.348720e+12    7308               55797       0.7871
2018-12-03  PHOENIXLTD     EQ      614.55  610.00  640.10  610.00  621.65  625.80  621.70   106106  6.596626e+12    3013               53410       0.5034
2018-12-04  PHOENIXLTD     EQ      625.80  616.00  630.00  616.00  624.35  626.75  627.66    64669  4.059046e+12    2431               41181       0.6368
2018-12-05  PHOENIXLTD     EQ      626.75  619.00  626.85  602.20  605.00  606.70  619.13    59422  3.678986e+12    3224               43038       0.7243
2018-12-06  PHOENIXLTD     EQ      606.70  608.00  617.35  597.40  604.00  601.05  605.78    22533  1.364997e+12    3059               10908       0.4841
2018-12-07  PHOENIXLTD     EQ      601.05  601.85  614.05  596.05  605.20  605.70  602.13    11734  7.065379e+11    1652                7306       0.6226
2018-12-10  PHOENIXLTD     EQ      605.70  599.80  599.80  591.30  593.20  594.35  594.59    28391  1.688104e+12    2734               22243       0.7835
2018-12-11  PHOENIXLTD     EQ      594.35  591.75  598.45  583.30  594.00  594.10  590.97    19331  1.142410e+12    1826               11670       0.6037
2018-12-12  PHOENIXLTD     EQ      594.10  595.00  625.00  595.00  624.90  622.55  614.70    15201  9.344115e+11    1409                9138       0.6011
2018-12-13  PHOENIXLTD     EQ      622.55  624.90  629.00  606.60  613.20  619.15  617.88    25767  1.592085e+12    4383               16760       0.6504
2018-12-14  PHOENIXLTD     EQ      619.15  614.00  626.85  611.25  615.00  616.05  619.61     6084  3.769734e+11    1001                3222       0.5296
2018-12-17  PHOENIXLTD     EQ      616.05  622.00  622.00  602.00  603.95  604.60  605.52    32735  1.982154e+12    3697               22097       0.6750
2018-12-18  PHOENIXLTD     EQ      604.60  605.00  614.80  598.00  606.95  604.50  605.02    13850  8.379465e+11    1269                4574       0.3303
2018-12-19  PHOENIXLTD     EQ      604.50  601.05  609.80  598.55  605.80  603.25  602.31    20003  1.204805e+12    1796               14069       0.7033
2018-12-20  PHOENIXLTD     EQ      603.25  600.00  611.95  592.95  596.50  599.05  599.06    16073  9.628679e+11    1238               10816       0.6729
2018-12-21  PHOENIXLTD     EQ      599.05  596.05  597.05  575.60  584.90  586.60  584.75    69203  4.046657e+12    4551               50511       0.7299
2018-12-24  PHOENIXLTD     EQ      586.60  587.20  590.30  569.20  569.20  574.20  578.20    13570  7.846204e+11    1315                8989       0.6624
2018-12-26  PHOENIXLTD     EQ      574.20  569.35  569.80  552.40  562.00  562.25  561.58    15348  8.619151e+11    1685                9065       0.5906
2018-12-27  PHOENIXLTD     EQ      562.25  563.15  572.25  563.15  566.50  567.25  566.83    20051  1.136559e+12    2808               13861       0.6913
2018-12-28  PHOENIXLTD     EQ      567.25  565.20  574.60  552.20  553.50  556.50  565.83    18407  1.041520e+12    1586               13526       0.7348
2018-12-31  PHOENIXLTD     EQ      556.50  562.00  567.00  556.50  563.00  563.60  560.41    15897  8.908780e+11    1937               10942       0.6883
2019-01-01  PHOENIXLTD     EQ      563.60  561.20  578.90  560.50  576.00  576.45  570.92     6667  3.806329e+11     626                2500       0.3750
2019-01-02  PHOENIXLTD     EQ      576.45  577.90  577.90  570.00  573.00  574.50  574.89    24421  1.403946e+12    1689               19331       0.7916
2019-01-03  PHOENIXLTD     EQ      574.50  571.15  586.00  568.15  574.55  577.70  570.15   361859  2.063136e+13    2038              357806       0.9888
2019-01-04  PHOENIXLTD     EQ      577.70  577.70  589.30  575.80  585.70  583.45  584.43    14187  8.291310e+11    2388                6774       0.4775
2019-01-07  PHOENIXLTD     EQ      583.45  587.00  590.00  583.00  588.00  586.50  587.59     6793  3.991524e+11     712                3963       0.5834
2019-01-08  PHOENIXLTD     EQ      586.50  582.05  584.00  571.40  575.00  576.45  578.50   129776  7.507566e+12    3684              122178       0.9415
2019-01-09  PHOENIXLTD     EQ      576.45  575.60  579.70  574.05  576.90  575.15  575.67    35931  2.068448e+12    4183               29503       0.8211
2019-01-10  PHOENIXLTD     EQ      575.15  579.90  582.00  552.00  565.10  568.30  577.26  1282875  7.405529e+13    9001             1221484       0.9521
2019-01-11  PHOENIXLTD     EQ      568.30  568.00  569.75  558.10  562.00  560.00  560.11   439239  2.460203e+13     823              433563       0.9871
2019-01-14  PHOENIXLTD     EQ      560.00  560.00  560.20  552.05  553.55  556.50  557.87   114270  6.374801e+12    1489              110480       0.9668
2019-01-15  PHOENIXLTD     EQ      556.50  558.00  580.35  558.00  571.00  577.25  564.42    55738  3.145936e+12    1434               49814       0.8937
2019-01-16  PHOENIXLTD     EQ      577.25  572.05  581.75  565.55  576.00  574.30  575.39    15240  8.768933e+11    1226               12328       0.8089
2019-01-17  PHOENIXLTD     EQ      574.30  571.05  582.20  562.00  563.95  564.65  571.57    45471  2.599006e+12    8405               35413       0.7788
2019-01-18  PHOENIXLTD     EQ      564.65  562.05  581.65  562.05  575.90  577.40  576.02     7163  4.126036e+11     736                3343       0.4667
2019-01-21  PHOENIXLTD     EQ      577.40  582.00  587.50  573.60  576.00  580.15  581.30     5838  3.393607e+11     517                3651       0.6254
2019-01-22  PHOENIXLTD     EQ      580.15  573.35  601.90  573.35  601.30  599.05  592.37    19957  1.182198e+12    1785               13132       0.6580
2019-01-23  PHOENIXLTD     EQ      599.05  594.40  607.00  594.40  602.60  603.80  603.38    17999  1.086015e+12    1753               15999       0.8889
2019-01-24  PHOENIXLTD     EQ      603.80  608.00  620.00  591.00  614.50  615.20  609.58    78419  4.780262e+12    4392               64418       0.8215
2019-01-25  PHOENIXLTD     EQ      615.20  612.10  622.00  596.05  599.90  602.90  613.36   101729  6.239650e+12    5013               86825       0.8535
2019-01-28  PHOENIXLTD     EQ      602.90  605.00  610.00  593.65  610.00  606.50  604.37    36031  2.177616e+12    1846               31910       0.8856
2019-01-29  PHOENIXLTD     EQ      606.50  600.00  604.45  594.10  596.10  596.25  597.60    20255  1.210444e+12    3669               12252       0.6049
2019-01-30  PHOENIXLTD     EQ      596.25  599.05  608.00  573.05  599.00  596.90  582.81   359358  2.094380e+13    9726              311279       0.8662
2019-01-31  PHOENIXLTD     EQ      596.90  606.40  614.00  595.45  596.00  602.90  607.11    27051  1.642285e+12    5108               20926       0.7736
2019-02-01  PHOENIXLTD     EQ      602.90  596.05  634.80  596.05  625.00  623.90  610.10   116523  7.109020e+12    7644               89403       0.7673
2019-02-04  PHOENIXLTD     EQ      623.90  616.00  619.70  590.10  591.00  594.55  602.17    41536  2.501181e+12    3289               23276       0.5604
2019-02-05  PHOENIXLTD     EQ      594.55  590.00  594.95  566.40  571.40  572.20  581.43   215054  1.250383e+13    3228              194980       0.9067
2019-02-06  PHOENIXLTD     EQ      572.20  566.10  579.20  555.90  575.80  571.70  563.72   226090  1.274519e+13    2472              208951       0.9242
2019-02-07  PHOENIXLTD     EQ      571.70  566.90  581.90  561.10  574.00  572.65  570.89    18607  1.062251e+12    2580                7758       0.4169
2019-02-08  PHOENIXLTD     EQ      572.65  585.00  591.80  577.00  588.00  585.35  586.81   182912  1.073344e+13    9123              134425       0.7349
2019-02-11  PHOENIXLTD     EQ      585.35  590.00  599.85  576.00  599.85  598.05  586.85   164709  9.665976e+12    7441              121482       0.7376
2019-02-12  PHOENIXLTD     EQ      598.05  590.05  597.95  578.00  584.95  580.70  586.02    76546  4.485767e+12    4542               55867       0.7298
2019-02-13  PHOENIXLTD     EQ      580.70  586.50  588.60  572.95  582.00  581.30  580.11   159287  9.240472e+12    4791              133721       0.8395
2019-02-14  PHOENIXLTD     EQ      581.30  580.00  585.00  575.30  580.10  581.05  580.10   128436  7.450605e+12    3937              108410       0.8441
2019-02-15  PHOENIXLTD     EQ      581.05  580.20  608.80  579.80  600.20  600.10  592.03    79056  4.680363e+12    2080               69385       0.8777
2019-02-18  PHOENIXLTD     EQ      600.10  598.50  605.10  577.80  579.90  582.45  589.60    47147  2.779807e+12    2835               28861       0.6121
2019-02-19  PHOENIXLTD     EQ      582.45  584.95  604.95  575.05  604.90  596.25  586.62    20905  1.226335e+12    1732               11243       0.5378
2019-02-20  PHOENIXLTD     EQ      596.25  599.75  609.00  596.00  602.00  600.75  602.84    66221  3.992057e+12    2388               54199       0.8185
2019-02-21  PHOENIXLTD     EQ      600.75  593.00  599.65  585.90  586.20  588.65  591.10    14517  8.581061e+11    2904                8715       0.6003
2019-02-22  PHOENIXLTD     EQ      588.65  590.00  599.85  585.10  594.00  593.25  593.95    51091  3.034572e+12    2689               36610       0.7166
2019-02-25  PHOENIXLTD     EQ      593.25  599.40  607.00  590.00  590.00  596.00  596.62    53584  3.196942e+12    2419               41067       0.7664
2019-02-26  PHOENIXLTD     EQ      596.00  590.00  590.00  575.00  578.35  578.95  579.81    44059  2.554583e+12    2548               29656       0.6731
2019-02-27  PHOENIXLTD     EQ      578.95  578.10  590.90  577.00  587.50  584.95  581.25    76890  4.469206e+12    2279               62717       0.8157
2019-02-28  PHOENIXLTD     EQ      584.95  586.25  640.75  586.25  622.20  623.50  612.76    69173  4.238628e+12    3139               53169       0.7686
2019-03-01  PHOENIXLTD     EQ      623.50  635.00  644.90  605.35  614.95  616.30  619.87    24044  1.490413e+12    2260                9625       0.4003
2019-03-05  PHOENIXLTD     EQ      616.30  615.15  640.00  614.80  626.40  630.45  628.70    49265  3.097301e+12    4180               33939       0.6889
2019-03-06  PHOENIXLTD     EQ      630.45  618.05  644.00  618.05  633.10  635.10  635.02    20072  1.274611e+12    2470               13291       0.6622
2019-03-07  PHOENIXLTD     EQ      635.10  635.10  642.90  623.30  627.00  625.60  630.55    14477  9.128427e+11    1653                8138       0.5621
2019-03-08  PHOENIXLTD     EQ      625.60  614.00  640.95  614.00  624.50  620.30  624.11    43698  2.727220e+12    1761                9967       0.2281
2019-03-11  PHOENIXLTD     EQ      620.30  622.80  640.00  622.80  640.00  638.75  636.74    11532  7.342838e+11    1449                5934       0.5146
2019-03-12  PHOENIXLTD     EQ      638.75  640.00  654.45  625.00  626.00  629.25  641.22    32151  2.061577e+12    4644               21079       0.6556
2019-03-13  PHOENIXLTD     EQ      629.25  632.00  639.00  624.00  626.00  627.10  630.22    19681  1.240339e+12    1961               11363       0.5774
2019-03-14  PHOENIXLTD     EQ      627.10  633.65  675.30  628.95  674.00  663.60  650.54    40039  2.604679e+12    2631               16746       0.4182
2019-03-15  PHOENIXLTD     EQ      663.60  668.90  681.75  655.55  665.00  679.30  675.66    58199  3.932298e+12    3634               39765       0.6833
2019-03-18  PHOENIXLTD     EQ      679.30  670.10  692.05  665.30  679.00  678.05  679.26    52110  3.539647e+12    9582               28331       0.5437
2019-03-19  PHOENIXLTD     EQ      678.05  688.00  688.00  671.30  676.65  678.95  677.58    20568  1.393643e+12    2741               10851       0.5276
2019-03-20  PHOENIXLTD     EQ      678.95  686.00  687.90  672.10  674.00  681.55  683.15   226080  1.544476e+13   14863              211755       0.9366
2019-03-22  PHOENIXLTD     EQ      681.55  680.00  680.00  652.45  661.90  660.05  662.06    21144  1.399853e+12    2597               10060       0.4758
2019-03-25  PHOENIXLTD     EQ      660.05  651.00  691.00  651.00  679.15  661.10  659.72   418713  2.762347e+13    5905              391168       0.9342
2019-03-26  PHOENIXLTD     EQ      661.10  666.40  680.00  645.05  649.90  649.00  659.10   102416  6.750274e+12    3397               80526       0.7863
2019-03-27  PHOENIXLTD     EQ      649.00  654.65  658.05  627.50  630.10  631.10  643.88   162122  1.043874e+13    4823              115605       0.7131
2019-03-28  PHOENIXLTD     EQ      631.10  628.05  672.00  628.05  646.30  651.60  657.07    68780  4.519312e+12    4729               10352       0.1505
2019-03-29  PHOENIXLTD     EQ      651.60  648.00  668.00  639.80  657.50  657.85  657.55    93779  6.166473e+12    3942               80049       0.8536
2019-04-01  PHOENIXLTD     EQ      657.85  651.00  667.00  650.55  654.45  659.25  658.91   103326  6.808207e+12    3753               89262       0.8639
2019-04-02  PHOENIXLTD     EQ      659.25  654.00  663.05  653.00  660.00  660.25  659.03    13890  9.153861e+11    2417                9727       0.7003
2019-04-03  PHOENIXLTD     EQ      660.25  655.30  668.00  655.30  668.00  666.50  665.29    32294  2.148492e+12    4929               24774       0.7671
2019-04-04  PHOENIXLTD     EQ      666.50  668.00  681.70  642.25  654.60  654.40  671.47    70770  4.751987e+12    2954               55262       0.7809
2019-04-05  PHOENIXLTD     EQ      654.40  647.05  664.90  646.00  653.00  651.70  654.55    13459  8.809541e+11    1773                7548       0.5608
2019-04-08  PHOENIXLTD     EQ      651.70  658.75  658.75  640.00  643.00  646.80  647.67    14165  9.174196e+11    2989                7338       0.5180
2019-04-09  PHOENIXLTD     EQ      646.80  635.10  650.25  635.10  648.00  648.50  646.59     8724  5.640861e+11    3045                5694       0.6527
2019-04-10  PHOENIXLTD     EQ      648.50  648.65  664.00  645.20  660.50  657.70  654.20    50408  3.297673e+12    1650               43729       0.8675
2019-04-11  PHOENIXLTD     EQ      657.70  656.00  670.45  642.35  648.00  649.45  656.30    33352  2.188884e+12    6870               17585       0.5273
2019-04-12  PHOENIXLTD     EQ      649.45  643.40  655.50  621.15  630.80  627.25  635.12    32974  2.094246e+12    2729               19850       0.6020
2019-04-15  PHOENIXLTD     EQ      627.25  639.90  644.40  630.50  631.50  633.70  638.87    43442  2.775388e+12    3379               36128       0.8316
2019-04-16  PHOENIXLTD     EQ      633.70  630.00  655.00  617.10  624.00  626.35  627.42    20362  1.277553e+12    2404               11418       0.5608
2019-04-18  PHOENIXLTD     EQ      626.35  626.00  628.65  608.00  611.00  613.05  610.41   261117  1.593879e+13    1536              232480       0.8903
2019-04-22  PHOENIXLTD     EQ      613.05  618.70  618.70  600.15  601.35  606.45  603.66    27116  1.636889e+12     999               16382       0.6041
2019-04-23  PHOENIXLTD     EQ      606.45  614.95  614.95  600.50  604.00  602.10  602.86     7560  4.557616e+11     754                4864       0.6434
2019-04-24  PHOENIXLTD     EQ      602.10  600.00  608.65  595.60  596.10  598.85  601.66   148238  8.918814e+12    2374              139147       0.9387
2019-04-25  PHOENIXLTD     EQ      598.85  598.95  605.80  593.00  599.00  599.50  598.48   262255  1.569550e+13    2485              235867       0.8994
2019-04-26  PHOENIXLTD     EQ      599.50  610.00  646.00  591.10  605.30  609.30  597.56   785818  4.695771e+13    5287              721093       0.9176
2019-04-30  PHOENIXLTD     EQ      609.30  599.00  620.00  592.30  600.00  600.20  611.98   710054  4.345388e+13    4059              657107       0.9254
2019-05-02  PHOENIXLTD     EQ      600.20  600.20  614.00  594.15  606.00  604.80  599.34   369690  2.215705e+13    3395              344893       0.9329
2019-05-03  PHOENIXLTD     EQ      604.80  609.35  613.15  596.05  597.65  598.20  601.09    26587  1.598124e+12    2274               19961       0.7508
2019-05-06  PHOENIXLTD     EQ      598.20  599.00  610.00  592.55  607.50  599.55  597.34    19742  1.179261e+12    2308               14534       0.7362
2019-05-07  PHOENIXLTD     EQ      599.55  599.05  629.70  599.05  620.00  620.50  606.33   209519  1.270382e+13    3112              196680       0.9387
2019-05-08  PHOENIXLTD     EQ      620.50  618.00  620.00  600.00  601.00  608.90  610.51    49904  3.046695e+12    1295               38040       0.7623
2019-05-09  PHOENIXLTD     EQ      608.90  612.00  612.00  594.05  595.00  595.80  601.61   337296  2.029190e+13    4075              304545       0.9029
2019-05-10  PHOENIXLTD     EQ      595.80  599.85  599.85  575.80  584.95  582.35  588.91   133482  7.860955e+12    2906              102770       0.7699
2019-05-13  PHOENIXLTD     EQ      582.35  581.50  585.10  566.40  571.00  574.45  574.21    41938  2.408126e+12    1846               35368       0.8433
2019-05-14  PHOENIXLTD     EQ      574.45  565.10  604.50  565.10  600.00  598.25  587.61    25845  1.518684e+12    1679               14620       0.5657
2019-05-15  PHOENIXLTD     EQ      598.25  600.00  606.40  586.25  599.95  593.80  594.92     7714  4.589182e+11     761                5460       0.7078
2019-05-16  PHOENIXLTD     EQ      593.80  608.00  625.00  599.95  620.00  616.50  614.45   123408  7.582840e+12    5146               53675       0.4349
2019-05-17  PHOENIXLTD     EQ      616.50  620.00  620.00  593.00  597.40  600.15  611.84   137347  8.403390e+12    3276              106820       0.7777
2019-05-20  PHOENIXLTD     EQ      600.15  610.00  624.00  595.65  598.10  601.40  616.68   162707  1.003387e+13    4611              140594       0.8641
2019-05-21  PHOENIXLTD     EQ      601.40  605.00  622.45  605.00  619.55  616.45  616.59   198200  1.222090e+13   11268              169018       0.8528
2019-05-22  PHOENIXLTD     EQ      616.45  625.00  640.05  612.20  620.00  618.15  629.57    62528  3.936558e+12    6537               30733       0.4915
2019-05-23  PHOENIXLTD     EQ      618.15  630.00  648.00  614.15  617.80  619.15  627.97    42237  2.652358e+12    3735               19275       0.4564
2019-05-24  PHOENIXLTD     EQ      619.15  620.00  626.05  602.05  613.00  616.00  616.21   119894  7.387968e+12    7063              103014       0.8592
2019-05-27  PHOENIXLTD     EQ      616.00  620.00  633.90  611.50  613.00  615.75  623.93    41308  2.577319e+12    5075               24902       0.6028
2019-05-28  PHOENIXLTD     EQ      615.75  616.00  635.00  608.00  623.45  622.65  626.06   479958  3.004810e+13   20324              411724       0.8578
2019-05-29  PHOENIXLTD     EQ      622.65  627.00  627.00  605.00  613.25  612.95  614.51    27796  1.708088e+12    4101               17686       0.6363
2019-05-30  PHOENIXLTD     EQ      612.95  619.90  634.95  619.90  628.95  629.30  630.12    94049  5.926178e+12    7785               64415       0.6849
2019-05-31  PHOENIXLTD     EQ      629.30  633.75  655.00  629.85  649.00  651.40  640.36   391870  2.509370e+13    6645              360662       0.9204
2019-06-03  PHOENIXLTD     EQ      651.40  656.40  678.00  653.00  665.00  664.10  669.03    48612  3.252281e+12    4228               29660       0.6101
2019-06-04  PHOENIXLTD     EQ      664.10  669.45  680.00  662.30  665.00  667.65  670.02    85800  5.748758e+12   20053               61439       0.7161
2019-06-06  PHOENIXLTD     EQ      667.65  673.85  673.85  646.20  653.85  653.15  654.08    39884  2.608736e+12    6700               29505       0.7398
2019-06-07  PHOENIXLTD     EQ      653.15  652.00  655.10  640.20  649.90  647.30  646.92    42709  2.762938e+12    5157               34424       0.8060
2019-06-10  PHOENIXLTD     EQ      647.30  657.95  662.45  645.00  649.85  649.25  651.14    39490  2.571367e+12    5834               26692       0.6759
2019-06-11  PHOENIXLTD     EQ      649.25  643.00  658.65  643.00  649.95  649.60  652.38    49047  3.199707e+12    8762               32686       0.6664
2019-06-12  PHOENIXLTD     EQ      649.60  645.00  653.75  642.70  645.00  645.00  645.28    39827  2.569960e+12    2438               35471       0.8906
2019-06-13  PHOENIXLTD     EQ      645.00  639.00  658.00  639.00  641.00  642.15  642.77    29406  1.890116e+12    4331               24369       0.8287
2019-06-14  PHOENIXLTD     EQ      642.15  643.00  654.55  643.00  648.80  648.10  648.66    13671  8.867841e+11    1841                9843       0.7200
2019-06-17  PHOENIXLTD     EQ      648.10  653.00  657.80  640.00  641.00  641.05  653.56   154667  1.010838e+13    6700              141469       0.8993
2019-06-18  PHOENIXLTD     EQ      641.05  639.05  644.95  632.00  635.10  634.25  634.88    34076  2.163407e+12    2573               27833       0.6968
2019-06-19  PHOENIXLTD     EQ      634.25  641.00  655.00  635.10  650.40  649.95  642.08   123907  7.955829e+12    3469              115724       0.9340
2019-06-20  PHOENIXLTD     EQ      649.95  650.40  663.00  645.80  653.00  658.65  658.45    39338  2.590209e+12    3284               26298       0.6685
2019-06-21  PHOENIXLTD     EQ      658.65  660.00  663.55  651.00  657.85  657.30  656.59   131939  8.662938e+12    4880              117635       0.8916
2019-06-24  PHOENIXLTD     EQ      657.30  659.00  659.00  650.00  654.00  650.80  653.17    10773  7.036640e+11     729                7511       0.6972
2019-06-25  PHOENIXLTD     EQ      650.80  646.15  656.10  639.95  647.55  645.95  644.28     9056  5.834611e+11     868                5945       0.6565
2019-06-26  PHOENIXLTD     EQ      645.95  641.20  649.95  638.65  640.00  640.15  642.06    19964  1.281804e+12    2296               14783       0.7405
2019-06-27  PHOENIXLTD     EQ      640.15  642.55  647.95  640.00  640.50  641.30  641.72    11585  7.434381e+11     930                6515       0.5624
2019-06-28  PHOENIXLTD     EQ      641.30  641.00  641.15  633.90  635.00  635.70  635.49    38294  2.433551e+12    1986               28372       0.7409
2019-07-01  PHOENIXLTD     EQ      635.70  640.00  678.20  636.85  657.20  655.65  652.04    55084  3.591692e+12    3190               37664       0.6838
2019-07-02  PHOENIXLTD     EQ      655.65  655.00  662.80  647.55  655.00  655.15  654.80    30127  1.972722e+12    1018               24235       0.8044
2019-07-03  PHOENIXLTD     EQ      655.15  655.15  660.00  650.50  654.95  654.55  655.00    44111  2.889290e+12    1474               39439       0.8941
2019-07-04  PHOENIXLTD     EQ      654.55  655.20  657.15  651.00  651.00  653.75  655.00   208281  1.364249e+13     940              205079       0.9846
2019-07-05  PHOENIXLTD     EQ      653.75  660.00  660.00  639.00  640.00  643.60  645.67     8523  5.503081e+11     790                4194       0.4921
2019-07-08  PHOENIXLTD     EQ      643.60  640.00  646.90  599.95  617.00  610.85  620.37   176968  1.097864e+13    5397              131919       0.7454
2019-07-09  PHOENIXLTD     EQ      610.85  620.00  635.00  615.00  634.90  629.75  623.10    17961  1.119148e+12    1536               12504       0.6962
2019-07-10  PHOENIXLTD     EQ      629.75  635.00  657.45  631.10  644.65  649.05  636.24   457635  2.911665e+13    1454              443302       0.9687
2019-07-11  PHOENIXLTD     EQ      649.05  649.00  663.50  641.10  652.95  651.35  651.27    17304  1.126952e+12    1307                5850       0.3381
2019-07-12  PHOENIXLTD     EQ      651.35  651.35  658.30  643.00  650.00  649.55  654.17    21327  1.395138e+12    2261               13309       0.6240
2019-07-15  PHOENIXLTD     EQ      649.55  649.55  657.95  629.00  631.50  632.55  639.47    10703  6.844244e+11    1256                5599       0.5231
2019-07-16  PHOENIXLTD     EQ      632.55  626.50  656.60  626.50  652.90  650.60  645.90    59357  3.833878e+12    3796               48078       0.8100
2019-07-17  PHOENIXLTD     EQ      650.60  644.40  665.00  644.40  661.00  660.05  658.87    25776  1.698316e+12    1090               21423       0.8311
2019-07-18  PHOENIXLTD     EQ      660.05  660.05  660.55  646.15  653.50  655.05  654.37     7509  4.913650e+11    1525                5398       0.7189
2019-07-19  PHOENIXLTD     EQ      655.05  655.05  670.70  635.10  650.15  654.50  649.29    49576  3.218896e+12    3228               22260       0.4490
2019-07-22  PHOENIXLTD     EQ      654.50  653.90  669.00  640.55  663.00  656.75  654.83    17483  1.144831e+12    3920               12522       0.7162
2019-07-23  PHOENIXLTD     EQ      656.75  659.95  674.00  642.50  670.00  670.15  660.20    31213  2.060678e+12    4711               23343       0.7479
2019-07-24  PHOENIXLTD     EQ      670.15  670.10  687.95  661.15  684.80  681.65  678.44    24405  1.655730e+12    2190               17726       0.7263
2019-07-25  PHOENIXLTD     EQ      681.65  681.65  700.00  680.00  687.05  690.20  695.17    69817  4.853449e+12    3390               56107       0.8036
2019-07-26  PHOENIXLTD     EQ      690.20  686.30  692.95  673.40  675.25  680.05  684.61   117035  8.012311e+12    1008              111951       0.9566
2019-07-29  PHOENIXLTD     EQ      680.05  676.65  676.70  670.00  671.00  671.20  672.97   139546  9.391017e+12    3478              137270       0.9837
2019-07-30  PHOENIXLTD     EQ      671.20  673.75  677.00  662.85  669.50  674.80  670.98    17503  1.174414e+12     982               14118       0.8066
2019-07-31  PHOENIXLTD     EQ      674.80  671.85  671.85  637.95  642.10  643.40  659.21   108196  7.132361e+12    6534               93239       0.8618
2019-08-01  PHOENIXLTD     EQ      643.40  637.30  659.65  637.30  640.30  647.70  652.36   285322  1.861315e+13    5362              272419       0.9548
2019-08-02  PHOENIXLTD     EQ      647.70  639.90  644.95  626.95  630.05  634.75  637.75   230145  1.467752e+13    2836              219952       0.9557
2019-08-05  PHOENIXLTD     EQ      634.75  627.15  633.95  612.55  626.90  625.35  620.21   245471  1.522428e+13    7165              228681       0.9316
2019-08-06  PHOENIXLTD     EQ      625.35  634.00  641.85  617.00  625.00  626.45  628.31    31539  1.981629e+12    5560               16770       0.5317
2019-08-07  PHOENIXLTD     EQ      626.45  617.20  648.00  617.20  633.40  634.35  633.91    58823  3.728860e+12    6000               49277       0.8377
2019-08-08  PHOENIXLTD     EQ      634.35  641.00  655.00  626.90  642.00  646.50  641.11    59699  3.827378e+12   10432               37055       0.6207
2019-08-09  PHOENIXLTD     EQ      646.50  643.40  649.00  630.00  635.00  641.25  636.31    29472  1.875319e+12    2994               21222       0.7201
2019-08-13  PHOENIXLTD     EQ      641.25  635.50  662.75  635.50  646.25  650.60  644.40    18715  1.205998e+12     712               15906       0.8499
2019-08-14  PHOENIXLTD     EQ      650.60  641.05  667.00  641.05  644.25  647.80  651.67    56030  3.651295e+12    1849               51887       0.9261
2019-08-16  PHOENIXLTD     EQ      647.80  640.05  651.00  630.80  636.00  636.60  641.33   113556  7.282712e+12    1636              107538       0.9470
2019-08-19  PHOENIXLTD     EQ      636.60  641.00  650.00  614.00  619.00  634.75  640.89   529205  3.391626e+13    4891               72386       0.1368
2019-08-20  PHOENIXLTD     EQ      634.75  623.00  632.00  617.00  627.00  628.70  623.22    41140  2.563913e+12    2410               28662       0.6967
2019-08-21  PHOENIXLTD     EQ      628.70  633.90  653.40  624.85  636.05  641.10  639.47   191606  1.225261e+13    3188              176157       0.9194
2019-08-22  PHOENIXLTD     EQ      641.10  644.60  644.60  620.05  639.90  631.65  629.13    20225  1.272416e+12    6043               12822       0.6340
2019-08-23  PHOENIXLTD     EQ      631.65  627.55  639.15  618.10  636.90  624.45  624.49    65445  4.086970e+12    3213               56996       0.8709
2019-08-26  PHOENIXLTD     EQ      624.45  649.00  649.00  618.10  646.00  636.85  628.68   314407  1.976607e+13    3136              303849       0.9664
2019-08-27  PHOENIXLTD     EQ      636.85  642.00  715.00  637.00  682.00  696.55  678.15    73137  4.959782e+12    7293               41331       0.5651
2019-08-28  PHOENIXLTD     EQ      696.55  698.00  700.00  655.00  676.65  683.80  688.64   266732  1.836835e+13    5384              229705       0.8612
2019-08-29  PHOENIXLTD     EQ      683.80  694.80  694.80  678.80  685.75  685.25  684.90    76870  5.264788e+12    3028               56564       0.7358
2019-08-30  PHOENIXLTD     EQ      685.25  676.00  705.00  675.75  698.00  696.00  693.13    81552  5.652589e+12    5327               58999       0.7235
2019-09-03  PHOENIXLTD     EQ      696.00  690.00  694.90  673.05  682.15  685.30  687.68    17639  1.212996e+12    2341                8264       0.4685
2019-09-04  PHOENIXLTD     EQ      685.30  678.05  687.60  665.70  666.00  670.15  678.00    37468  2.540325e+12    1519               31233       0.8336
2019-09-05  PHOENIXLTD     EQ      670.15  670.70  671.00  647.30  651.00  653.40  653.40    69674  4.552465e+12    5719               47986       0.6887
2019-09-06  PHOENIXLTD     EQ      653.40  655.60  697.00  645.60  685.25  683.35  674.29    28924  1.950315e+12    2081               15215       0.5260
2019-09-09  PHOENIXLTD     EQ      683.35  692.00  704.25  682.00  697.65  695.20  691.02   107553  7.432155e+12    2635               94802       0.8814
2019-09-11  PHOENIXLTD     EQ      695.20  695.20  700.00  685.00  695.00  696.90  697.74    20965  1.462808e+12    1476               11432       0.5453
2019-09-12  PHOENIXLTD     EQ      696.90  697.95  700.00  686.00  699.65  696.05  696.15    10889  7.580363e+11     939                7002       0.6430
2019-09-13  PHOENIXLTD     EQ      696.05  700.00  728.45  690.00  709.00  698.10  709.12   133713  9.481919e+12    8837               75831       0.5671
2019-09-16  PHOENIXLTD     EQ      698.10  703.70  736.00  698.15  711.10  722.00  725.33   133308  9.669244e+12    7477               84757       0.6358
2019-09-17  PHOENIXLTD     EQ      722.00  716.80  728.00  685.10  700.00  695.05  709.65   108344  7.688678e+12    8154               81819       0.7552
2019-09-18  PHOENIXLTD     EQ      695.05  690.00  729.90  687.00  725.00  727.75  712.84    39000  2.780092e+12    3046               17691       0.4536
2019-09-19  PHOENIXLTD     EQ      727.75  725.00  726.80  700.30  708.00  712.75  712.44    13552  9.655014e+11    1725                4263       0.3146
2019-09-20  PHOENIXLTD     EQ      712.75  712.75  732.70  701.10  717.10  716.60  716.42   187114  1.340519e+13    2871              173149       0.9254
2019-09-23  PHOENIXLTD     EQ      716.60  731.90  767.45  710.50  730.00  729.90  744.20    70829  5.271128e+12    7682               46026       0.6498
2019-09-24  PHOENIXLTD     EQ      729.90  739.85  742.00  695.00  720.00  710.95  717.08   339552  2.434870e+13   11538              309798       0.9124
2019-09-25  PHOENIXLTD     EQ      710.95  721.95  728.20  710.05  715.25  717.65  717.67   119391  8.568314e+12    3130              103655       0.8682
2019-09-26  PHOENIXLTD     EQ      717.65  720.00  728.00  710.00  714.90  715.05  717.14    73943  5.302714e+12    1683               67143       0.9080
2019-09-27  PHOENIXLTD     EQ      715.05  700.00  706.40  683.00  690.60  687.80  693.91  1150585  7.984057e+13   19129              501449       0.4358
2019-09-30  PHOENIXLTD     EQ      687.80  689.70  704.00  678.95  702.00  697.45  687.45   216146  1.485904e+13    8064              191553       0.8862
2019-10-01  PHOENIXLTD     EQ      697.45  703.00  703.00  680.45  699.50  695.30  693.89   145596  1.010274e+13    3293              130844       0.8987
2019-10-03  PHOENIXLTD     EQ      695.30  699.00  699.95  685.35  695.05  695.65  695.38   109165  7.591067e+12    3164               89682       0.8215
2019-10-04  PHOENIXLTD     EQ      695.65  699.80  709.00  690.90  706.95  704.95  700.22    43250  3.028435e+12    2249               32180       0.7440
2019-10-07  PHOENIXLTD     EQ      704.95  708.00  719.40  700.05  718.90  716.50  710.08    80526  5.717982e+12    3960               62933       0.7815
2019-10-09  PHOENIXLTD     EQ      716.50  716.50  718.00  703.00  712.00  713.95  713.24    46457  3.313494e+12    2353               37117       0.7990
2019-10-10  PHOENIXLTD     EQ      713.95  713.60  713.60  694.05  696.05  697.95  699.99    24522  1.716527e+12    1702               17424       0.7105
2019-10-11  PHOENIXLTD     EQ      697.95  696.80  701.90  688.05  691.25  695.00  694.95   163422  1.135705e+13    2196              156308       0.9565
2019-10-14  PHOENIXLTD     EQ      695.00  705.00  706.00  689.00  691.20  694.15  698.58    29064  2.030341e+12    5009               20041       0.6895
2019-10-15  PHOENIXLTD     EQ      694.15  696.70  696.70  683.30  692.10  694.60  692.66    39136  2.710801e+12    4669               27115       0.6928
2019-10-16  PHOENIXLTD     EQ      694.60  695.00  700.85  688.05  694.60  695.45  695.21   162400  1.129017e+13    3232              150999       0.9298
2019-10-17  PHOENIXLTD     EQ      695.45  694.60  703.75  693.25  700.25  700.65  700.42    24463  1.713432e+12    2374               19316       0.7896
2019-10-18  PHOENIXLTD     EQ      700.65  703.80  735.00  696.50  718.00  721.20  716.87    66413  4.760974e+12    3904               48535       0.7308
2019-10-22  PHOENIXLTD     EQ      721.20  725.00  740.00  711.65  739.95  733.55  725.70   145121  1.053138e+13    3317              124101       0.8552
2019-10-23  PHOENIXLTD     EQ      733.55  739.00  745.00  720.00  723.00  724.80  736.02    60888  4.481470e+12    2264               46673       0.7665
2019-10-24  PHOENIXLTD     EQ      724.80  730.20  734.95  725.30  734.95  734.20  733.87    35704  2.620209e+12    1495               29243       0.8190
2019-10-25  PHOENIXLTD     EQ      734.20  735.00  735.00  717.80  723.20  722.90  723.37    15637  1.131128e+12    1372               10748       0.6873
2019-10-27  PHOENIXLTD     EQ      722.90  745.00  745.00  725.00  735.00  733.40  733.47     3581  2.626570e+11     268                2602       0.7266
2019-10-29  PHOENIXLTD     EQ      733.40  729.10  742.00  729.10  732.00  731.95  733.76    30319  2.224701e+12    1684               25936       0.8554
2019-10-30  PHOENIXLTD     EQ      731.95  739.00  739.00  712.05  714.25  718.60  720.66    21096  1.520294e+12    2385               14144       0.6705
2019-10-31  PHOENIXLTD     EQ      718.60  725.00  730.00  705.05  719.95  720.00  715.02   115400  8.251308e+12    7419               97567       0.8455
2019-11-01  PHOENIXLTD     EQ      720.00  730.00  730.00  713.00  716.25  718.10  721.51    95128  6.863624e+12    7295               69299       0.7285
2019-11-04  PHOENIXLTD     EQ      718.10  722.20  730.85  716.25  716.25  719.30  724.28    48243  3.494154e+12    6399               30283       0.6277
2019-11-05  PHOENIXLTD     EQ      719.30  715.00  725.00  698.45  710.00  705.25  704.12   147833  1.040915e+13    5732              134709       0.9112
2019-11-06  PHOENIXLTD     EQ      705.25  708.90  715.45  694.55  700.00  700.00  700.54   139305  9.758830e+12    6427              121139       0.8696
2019-11-07  PHOENIXLTD     EQ      700.00  707.85  722.45  700.55  722.45  715.55  710.56    25844  1.836380e+12    3191               15165       0.5868
2019-11-08  PHOENIXLTD     EQ      715.55  721.00  750.00  715.00  734.00  731.75  734.40    45640  3.351812e+12    3821               27097       0.5937
2019-11-11  PHOENIXLTD     EQ      731.75  735.00  748.00  719.00  739.00  742.25  737.48    26223  1.933906e+12    4086               16987       0.6478
2019-11-13  PHOENIXLTD     EQ      742.25  745.00  745.00  707.55  716.75  725.30  720.62    67683  4.877376e+12    8248               45861       0.6776
2019-11-14  PHOENIXLTD     EQ      725.30  721.70  721.70  708.05  714.00  711.80  714.18    11114  7.937363e+11    1349                6475       0.5826
2019-11-15  PHOENIXLTD     EQ      711.80  706.00  729.00  706.00  711.60  713.40  714.93    36884  2.636940e+12    3248               24219       0.6566
2019-11-18  PHOENIXLTD     EQ      713.40  716.60  736.35  712.25  732.90  733.60  731.81    77670  5.684004e+12    2149               12168       0.1567
2019-11-19  PHOENIXLTD     EQ      733.60  729.30  739.00  723.20  725.45  735.75  736.27    11498  8.465617e+11    1675                7617       0.6625
2019-11-20  PHOENIXLTD     EQ      735.75  725.00  735.00  705.10  708.00  708.60  715.41    73750  5.276182e+12    3876               54172       0.7345
2019-11-21  PHOENIXLTD     EQ      708.60  712.30  727.75  708.60  723.50  721.15  719.56    14414  1.037172e+12    1368                9363       0.6496
2019-11-22  PHOENIXLTD     EQ      721.15  719.10  724.35  706.30  710.00  714.60  714.97   131769  9.421140e+12    4325              123771       0.9393
2019-11-25  PHOENIXLTD     EQ      714.60  710.00  797.00  710.00  767.30  775.70  764.37   147973  1.131066e+13   10589               62778       0.4243
2019-11-26  PHOENIXLTD     EQ      775.70  768.70  770.00  746.35  763.50  760.80  759.75    59779  4.541718e+12    5760               31960       0.5346
2019-11-27  PHOENIXLTD     EQ      760.80  764.00  764.00  745.65  750.00  750.85  753.18    60014  4.520133e+12    6021               43674       0.7277
2019-11-28  PHOENIXLTD     EQ      750.85  752.00  752.00  733.60  743.00  743.10  742.11   342618  2.542591e+13    2258              331315       0.9670
2019-11-29  PHOENIXLTD     EQ      743.10  747.00  764.00  744.00  748.50  752.60  745.55   155823  1.161732e+13    2208              140317       0.9005
2019-12-02  PHOENIXLTD     EQ      752.60  754.20  776.00  746.00  753.00  752.30  761.12   341389  2.598387e+13    6231              283653       0.8309
2019-12-03  PHOENIXLTD     EQ      752.30  752.00  757.60  738.00  740.00  746.75  747.66    44365  3.316991e+12    4346               29686       0.6691
2019-12-04  PHOENIXLTD     EQ      746.75  743.70  782.00  739.00  760.00  767.55  747.83   226967  1.697321e+13    6019              192864       0.8497
2019-12-05  PHOENIXLTD     EQ      767.55  771.95  771.95  750.25  752.00  755.30  755.51    23495  1.775068e+12    3156               12698       0.5405
2019-12-06  PHOENIXLTD     EQ      755.30  759.00  764.10  748.05  748.55  751.95  752.51    31149  2.344005e+12    1800               13551       0.4350
2019-12-09  PHOENIXLTD     EQ      751.95  753.50  761.50  744.15  755.00  756.45  755.82     9580  7.240756e+11    1388                6356       0.6635
2019-12-10  PHOENIXLTD     EQ      756.45  752.00  761.45  743.55  755.10  752.95  753.04    19382  1.459543e+12    3360               11921       0.6151
2019-12-11  PHOENIXLTD     EQ      752.95  760.10  774.95  751.35  762.60  764.15  764.63    42796  3.272316e+12    4001               28146       0.6577
2019-12-12  PHOENIXLTD     EQ      764.15  771.00  771.00  752.10  752.10  753.65  756.61     9228  6.981990e+11    1008                4642       0.5030
2019-12-13  PHOENIXLTD     EQ      753.65  759.00  774.40  755.20  758.05  764.85  762.93    14696  1.121201e+12    1387                9131       0.6213
2019-12-16  PHOENIXLTD     EQ      764.85  760.10  798.95  756.55  773.85  784.80  773.40   209948  1.623738e+13    4660              165318       0.7874
2019-12-17  PHOENIXLTD     EQ      784.80  780.00  780.00  768.00  771.05  773.25  773.74    36298  2.808513e+12    2518               21748       0.5992
2019-12-18  PHOENIXLTD     EQ      773.25  773.00  790.45  757.10  767.20  775.65  772.88    40145  3.102742e+12    2276               22449       0.5592